MoveType,Date,ReportingOwner,Form,TransactionType,DirectOrIndirect,NumberOfSecuritiesTransacted,NumberOfSecuritiesOwned,LineNumber,OwnerCIK,SecurityName
A,06/20/2023 00:00:00,QUIRK KATHLEEN L,4,A-Award,--D,411.983,5409.538,1,0001200809,Phantom Stock (Deferred Compensation)
A,06/20/2023 00:00:00,STEINER DAVID P,4,A-Award,--D,362.046,5772.629,1,0001197040,Phantom Stock (Deferred Compensation)
A,06/20/2023 00:00:00,FANNING THOMAS A,4,A-Award,--D,387.014,8139.802,1,0001227464,Phantom Stock (Deferred Compensation)
A,06/20/2023 00:00:00,STYSLINGER LEE J III,4,A-Award,--D,362.046,11049.682,1,0001256896,Phantom Stock (Deferred Compensation)
D,06/20/2023 00:00:00,Anderson Melissa H.,4,M-Exempt,--D,1530,0,3,0001631925,Restricted Stock Units
A,06/20/2023 00:00:00,Anderson Melissa H.,4,A-Award,--D,287.14,963.695,2,0001631925,Phantom Stock (Deferred Compensation)
A,06/20/2023 00:00:00,Anderson Melissa H.,4,M-Exempt,--D,1530,2030,1,0001631925,Common Stock
D,06/20/2023 00:00:00,HALL GRAYSON,4,M-Exempt,--D,905,0,2,0001217173,Restricted Stock Units
A,06/20/2023 00:00:00,HALL GRAYSON,4,M-Exempt,--D,905,3201,1,0001217173,Common Stock
D,06/20/2023 00:00:00,OBRIEN RICHARD T,4,M-Exempt,--D,905,0,2,0001179997,Restricted Stock Units
A,06/20/2023 00:00:00,OBRIEN RICHARD T,4,M-Exempt,--D,905,3201,1,0001179997,Common Stock
D,06/20/2023 00:00:00,Willis George,4,M-Exempt,--D,905,0,2,0001739314,Restricted Stock Units
A,06/20/2023 00:00:00,Willis George,4,M-Exempt,--D,905,3201,1,0001739314,Common Stock
D,06/13/2023 00:00:00,Hicks Darren L.,4,M-Exempt,--D,610,0,4,0001913294,Stock Appreciation Right
D,06/13/2023 00:00:00,Hicks Darren L.,4,F-InKind,--D,380,5143,2,0001913294,Common Stock
A,06/13/2023 00:00:00,Hicks Darren L.,4,M-Exempt,--D,610,5523,1,0001913294,Common Stock
D,06/09/2023 00:00:00,Pigg Randy L.,4,G-Gift,--D,407,1300,1,0001737603,Common Stock
D,06/07/2023 00:00:00,Hill J Thomas,4,M-Exempt,--D,12500,0,6,0001564533,Stock Appreciation Right
D,06/07/2023 00:00:00,Hill J Thomas,4,S-Sale,--D,481,80038.665,4,0001564533,Common Stock
D,06/07/2023 00:00:00,Hill J Thomas,4,S-Sale,--D,4214,80519.665,3,0001564533,Common Stock
D,06/07/2023 00:00:00,Hill J Thomas,4,F-InKind,--D,7805,84733.665,2,0001564533,Common Stock
A,06/07/2023 00:00:00,Hill J Thomas,4,M-Exempt,--D,12500,92538.665,1,0001564533,Common Stock
D,06/02/2023 00:00:00,Pigg Randy L.,4,S-Sale,--D,560,1707,1,0001737603,Common Stock
A,05/12/2023 00:00:00,OBRIEN RICHARD T,4,A-Award,--D,820,820,1,0001179997,Restricted Stock Units
A,05/12/2023 00:00:00,Willis George,4,A-Award,--D,820,820,1,0001739314,Restricted Stock Units
A,05/12/2023 00:00:00,STEINER DAVID P,4,A-Award,--D,820,820,1,0001197040,Restricted Stock Units
A,05/12/2023 00:00:00,PROKOPANKO JAMES T,4,A-Award,--D,820,820,1,0001301456,Restricted Stock Units
A,05/12/2023 00:00:00,STYSLINGER LEE J III,4,A-Award,--D,820,820,1,0001256896,Restricted Stock Units
A,05/12/2023 00:00:00,QUIRK KATHLEEN L,4,A-Award,--D,820,820,1,0001200809,Restricted Stock Units
A,05/12/2023 00:00:00,HALL GRAYSON,4,A-Award,--D,820,820,1,0001217173,Restricted Stock Units
A,05/12/2023 00:00:00,Hostetler Cynthia Lynn,4,A-Award,--D,820,820,1,0001547404,Restricted Stock Units
A,05/12/2023 00:00:00,FANNING THOMAS A,4,A-Award,--D,820,820,1,0001227464,Restricted Stock Unit
A,05/12/2023 00:00:00,Anderson Melissa H.,4,A-Award,--D,820,820,1,0001631925,Restricted Stock Units
A,05/12/2023 00:00:00,KENNARD LYDIA H,4,A-Award,--D,820,820,1,0001223115,Restricted Stock Units
D,05/11/2023 00:00:00,Clement David P,4,S-Sale,--D,2389,2887,1,0001587528,Common Stock
D,05/09/2023 00:00:00,Clement David P,4,M-Exempt,--D,1900,0,4,0001587528,Stock Appreciation Right
D,05/09/2023 00:00:00,Clement David P,4,F-InKind,--D,1481,5276,2,0001587528,Common Stock
A,05/09/2023 00:00:00,Clement David P,4,M-Exempt,--D,1900,6757,1,0001587528,Common Stock
D,02/22/2023 00:00:00,Perkins Jerry F Jr,4,M-Exempt,--D,1000,0,8,0001667316,Restricted Stock Units
D,02/22/2023 00:00:00,Perkins Jerry F Jr,4,F-InKind,--D,444,10626,2,0001667316,Common Stock
A,02/22/2023 00:00:00,Perkins Jerry F Jr,4,M-Exempt,--D,1000,11070,1,0001667316,Common Stock
D,02/22/2023 00:00:00,Teter Jason P,4,M-Exempt,--D,1000,0,8,0001627941,Restricted Stock Units
D,02/22/2023 00:00:00,Teter Jason P,4,F-InKind,--D,444,13821,2,0001627941,Common Stock
A,02/22/2023 00:00:00,Teter Jason P,4,M-Exempt,--D,1000,14265,1,0001627941,Common Stock
D,02/22/2023 00:00:00,Pigg Randy L.,4,M-Exempt,--D,400,0,6,0001737603,Restricted Stock Units
D,02/22/2023 00:00:00,Pigg Randy L.,4,F-InKind,--D,149,2267,2,0001737603,Common Stock
A,02/22/2023 00:00:00,Pigg Randy L.,4,M-Exempt,--D,400,2416,1,0001737603,Common Stock
D,02/22/2023 00:00:00,Hicks Darren L.,4,M-Exempt,--D,510,0,7,0001913294,Restricted Stock Units
D,02/22/2023 00:00:00,Hicks Darren L.,4,F-InKind,--D,228,4913,2,0001913294,Common Stock
A,02/22/2023 00:00:00,Hicks Darren L.,4,M-Exempt,--D,510,5141,1,0001913294,Common Stock
D,02/22/2023 00:00:00,Clement David P,4,M-Exempt,--D,1000,0,8,0001587528,Restricted Stock Units
D,02/22/2023 00:00:00,Clement David P,4,F-InKind,--D,370,4857,2,0001587528,Common Stock
A,02/22/2023 00:00:00,Clement David P,4,M-Exempt,--D,1000,5227,1,0001587528,Common Stock
D,02/22/2023 00:00:00,Franklin Denson N. III,4,M-Exempt,--D,1200,0,7,0001793654,Restricted Stock Units
D,02/22/2023 00:00:00,Franklin Denson N. III,4,F-InKind,--D,514,4932,2,0001793654,Common Stock
A,02/22/2023 00:00:00,Franklin Denson N. III,4,M-Exempt,--D,1200,5446,1,0001793654,Common Stock
D,02/22/2023 00:00:00,Carlisle Mary Andrews,4,M-Exempt,--D,510,0,7,0001944373,Restricted Stock Units
D,02/22/2023 00:00:00,Carlisle Mary Andrews,4,F-InKind,--D,225,1063,2,0001944373,Common Stock
A,02/22/2023 00:00:00,Carlisle Mary Andrews,4,M-Exempt,--D,510,1288,1,0001944373,Common Stock
D,02/22/2023 00:00:00,Hill J Thomas,4,M-Exempt,--D,8200,0,5,0001564533,Restricted Stock Units
D,02/22/2023 00:00:00,Hill J Thomas,4,F-InKind,--D,3444,80038.665,2,0001564533,Common Stock
A,02/22/2023 00:00:00,Hill J Thomas,4,M-Exempt,--D,8200,83482.665,1,0001564533,Common Stock
D,02/22/2023 00:00:00,Bass Stanley G,4,M-Exempt,--D,1900,0,7,0001564578,Restricted Stock Units
D,02/22/2023 00:00:00,Bass Stanley G,4,F-InKind,--D,26,24981.2446,2,0001564578,Common Stock
A,02/22/2023 00:00:00,Bass Stanley G,4,M-Exempt,--D,1900,25007.2446,1,0001564578,Common Stock
D,02/22/2023 00:00:00,BAKER THOMPSON S II,4,M-Exempt,--D,2200,0,8,0001190090,Restricted Stock Units
D,02/22/2023 00:00:00,BAKER THOMPSON S II,4,F-InKind,--D,814,24020,2,0001190090,Common Stock
A,02/22/2023 00:00:00,BAKER THOMPSON S II,4,M-Exempt,--D,2200,24834,1,0001190090,Common Stock
A,02/21/2023 00:00:00,Perkins Jerry F Jr,4,A-Award,--D,2450,2450,7,0001667316,Stock Appreciation Right
A,02/21/2023 00:00:00,Perkins Jerry F Jr,4,A-Award,--D,8550,8550,6,0001667316,Restricted Stock Units
A,02/21/2023 00:00:00,Perkins Jerry F Jr,4,A-Award,--D,1010,1010,5,0001667316,Restricted Stock Units
A,02/21/2023 00:00:00,Perkins Jerry F Jr,4,A-Award,--D,3030,3030,4,0001667316,Performance Share Units
A,02/21/2023 00:00:00,Teter Jason P,4,A-Award,--D,8550,8550,7,0001627941,Restricted Stock Units
A,02/21/2023 00:00:00,Teter Jason P,4,A-Award,--D,2450,2450,6,0001627941,Stock Appreciation Right
A,02/21/2023 00:00:00,Teter Jason P,4,A-Award,--D,1010,1010,5,0001627941,Restricted Stock Units
A,02/21/2023 00:00:00,Teter Jason P,4,A-Award,--D,3030,3030,4,0001627941,Performance Share Units
A,02/21/2023 00:00:00,Pigg Randy L.,4,A-Award,--D,420,420,5,0001737603,Restricted Stock Units
A,02/21/2023 00:00:00,Pigg Randy L.,4,A-Award,--D,420,420,4,0001737603,Performance Share Units
A,02/21/2023 00:00:00,Hicks Darren L.,4,A-Award,--D,1860,1860,6,0001913294,Stock Appreciation Right
A,02/21/2023 00:00:00,Hicks Darren L.,4,A-Award,--D,770,770,5,0001913294,Restricted Stock Units
A,02/21/2023 00:00:00,Hicks Darren L.,4,A-Award,--D,2310,2310,4,0001913294,Performance Share Units
A,02/21/2023 00:00:00,Clement David P,4,A-Award,--D,8550,8550,7,0001587528,Restricted Stock Units
A,02/21/2023 00:00:00,Clement David P,4,A-Award,--D,2680,2680,6,0001587528,Stock Appreciation Right
A,02/21/2023 00:00:00,Clement David P,4,A-Award,--D,1110,1110,5,0001587528,Restricted Stock Units
A,02/21/2023 00:00:00,Clement David P,4,A-Award,--D,3320,3320,4,0001587528,Performance Share Units
A,02/21/2023 00:00:00,Pruitt Ronnie A,4,A-Award,--D,8550,8550,4,0001432991,Restricted Stock Units
A,02/21/2023 00:00:00,Pruitt Ronnie A,4,A-Award,--D,2680,2680,3,0001432991,Stock Appreciation Right
A,02/21/2023 00:00:00,Pruitt Ronnie A,4,A-Award,--D,1110,1110,2,0001432991,Restricted Stock Units
A,02/21/2023 00:00:00,Pruitt Ronnie A,4,A-Award,--D,3320,3320,1,0001432991,Performance Share Units
A,02/21/2023 00:00:00,Franklin Denson N. III,4,A-Award,--D,3230,3230,6,0001793654,Stock Appreciation Right
A,02/21/2023 00:00:00,Franklin Denson N. III,4,A-Award,--D,1330,1330,5,0001793654,Restricted Stock Units
A,02/21/2023 00:00:00,Franklin Denson N. III,4,A-Award,--D,4000,4000,4,0001793654,Performance Share Units
A,02/21/2023 00:00:00,Carlisle Mary Andrews,4,A-Award,--D,4310,4310,6,0001944373,Stock Appreciation Right
A,02/21/2023 00:00:00,Carlisle Mary Andrews,4,A-Award,--D,1780,1780,5,0001944373,Restricted Stock Units
A,02/21/2023 00:00:00,Carlisle Mary Andrews,4,A-Award,--D,5330,5330,4,0001944373,Performance Share Units
A,02/21/2023 00:00:00,Hill J Thomas,4,A-Award,--D,21670,21670,7,0001564533,Stock Appreciation Right
A,02/21/2023 00:00:00,Hill J Thomas,4,A-Award,--D,8940,8940,6,0001564533,Restricted Stock Units
A,02/21/2023 00:00:00,Hill J Thomas,4,A-Award,--D,26820,26820,4,0001564533,Performance Share Units
A,02/21/2023 00:00:00,Bass Stanley G,4,A-Award,--D,4800,4800,6,0001564578,Stock Appreciation Right
A,02/21/2023 00:00:00,Bass Stanley G,4,A-Award,--D,1980,1980,5,0001564578,Restricted Stock Units
A,02/21/2023 00:00:00,Bass Stanley G,4,A-Award,--D,5940,5940,4,0001564578,Performance Share Units
A,02/21/2023 00:00:00,BAKER THOMPSON S II,4,A-Award,--D,6240,6240,11,0001190090,Stock Appreciation Right
A,02/21/2023 00:00:00,BAKER THOMPSON S II,4,A-Award,--D,11400,11400,10,0001190090,Restricted Stock Units
A,02/21/2023 00:00:00,BAKER THOMPSON S II,4,A-Award,--D,2570,2570,9,0001190090,Restricted Stock Units
A,02/21/2023 00:00:00,BAKER THOMPSON S II,4,A-Award,--D,7720,7720,7,0001190090,Performance Share Units
D,02/16/2023 00:00:00,Pigg Randy L.,4,M-Exempt,--D,540,0,4,0001737603,Stock Appreciation Right
D,02/16/2023 00:00:00,Pigg Randy L.,4,F-InKind,--D,327,2016,2,0001737603,Common Stock
A,02/16/2023 00:00:00,Pigg Randy L.,4,M-Exempt,--D,540,2343,1,0001737603,Common Stock
D,02/10/2023 00:00:00,Carlisle Mary Andrews,4,M-Exempt,--D,510,0,4,0001944373,Performance Share Units
D,02/10/2023 00:00:00,Carlisle Mary Andrews,4,F-InKind,--D,309,778,2,0001944373,Common Stock
A,02/10/2023 00:00:00,Carlisle Mary Andrews,4,M-Exempt,--D,621,1087,1,0001944373,Common Stock
D,02/10/2023 00:00:00,Clement David P,4,M-Exempt,--D,3100,0,4,0001587528,Performance Share Units
D,02/10/2023 00:00:00,Clement David P,4,F-InKind,--D,1516,4227,2,0001587528,Common Stock
A,02/10/2023 00:00:00,Clement David P,4,M-Exempt,--D,3773,5743,1,0001587528,Common Stock
D,02/10/2023 00:00:00,Franklin Denson N. III,4,M-Exempt,--D,3600,0,3,0001793654,Performance Share Units
D,02/10/2023 00:00:00,Franklin Denson N. III,4,F-InKind,--D,1975,4246,2,0001793654,Common Stock
A,02/10/2023 00:00:00,Franklin Denson N. III,4,M-Exempt,--D,4382,6221,1,0001793654,Common Stock
D,02/10/2023 00:00:00,Hicks Darren L.,4,M-Exempt,--D,510,0,4,0001913294,Performance Share Units
D,02/10/2023 00:00:00,Hicks Darren L.,4,F-InKind,--D,309,4631,2,0001913294,Common Stock
A,02/10/2023 00:00:00,Hicks Darren L.,4,M-Exempt,--D,621,4940,1,0001913294,Common Stock
D,02/10/2023 00:00:00,Hill J Thomas,4,M-Exempt,--D,24700,0,4,0001564533,Performance Share Units
D,02/10/2023 00:00:00,Hill J Thomas,4,F-InKind,--D,13332,75282.665,2,0001564533,Common Stock
A,02/10/2023 00:00:00,Hill J Thomas,4,M-Exempt,--D,30060,88614.665,1,0001564533,Common Stock
D,02/10/2023 00:00:00,Perkins Jerry F Jr,4,M-Exempt,--D,2900,0,4,0001667316,Performance Share Units
D,02/10/2023 00:00:00,Perkins Jerry F Jr,4,F-InKind,--D,1598,10070,2,0001667316,Common Stock
A,02/10/2023 00:00:00,Perkins Jerry F Jr,4,M-Exempt,--D,3530,11668,1,0001667316,Common Stock
D,02/10/2023 00:00:00,Pigg Randy L.,4,M-Exempt,--D,400,0,4,0001737603,Performance Share Units
D,02/10/2023 00:00:00,Pigg Randy L.,4,F-InKind,--D,208,1803,2,0001737603,Common Stock
A,02/10/2023 00:00:00,Pigg Randy L.,4,M-Exempt,--D,487,2011,1,0001737603,Common Stock
D,02/10/2023 00:00:00,Bass Stanley G,4,M-Exempt,--D,5800,0,4,0001564578,Performance Share Units
D,02/10/2023 00:00:00,Bass Stanley G,4,F-InKind,--D,334,23107.2446,2,0001564578,Common Stock
A,02/10/2023 00:00:00,Bass Stanley G,4,M-Exempt,--D,7059,23441.2446,1,0001564578,Common Stock
D,02/10/2023 00:00:00,Teter Jason P,4,M-Exempt,--D,2900,0,4,0001627941,Performance Share Units
D,02/10/2023 00:00:00,Teter Jason P,4,F-InKind,--D,1598,13265,2,0001627941,Common Stock
A,02/10/2023 00:00:00,Teter Jason P,4,M-Exempt,--D,3530,14863,1,0001627941,Common Stock
D,02/10/2023 00:00:00,BAKER THOMPSON S II,4,M-Exempt,--D,6700,0,7,0001190090,Performance Share Units
D,02/10/2023 00:00:00,BAKER THOMPSON S II,4,F-InKind,--D,2425,22634,2,0001190090,Common Stock
A,02/10/2023 00:00:00,BAKER THOMPSON S II,4,M-Exempt,--D,8154,25059,1,0001190090,Common Stock
D,01/23/2023 00:00:00,Hill J Thomas,4,M-Exempt,--D,7000,0,4,0001564533,Stock Appreciation Right
D,01/23/2023 00:00:00,Hill J Thomas,4,F-InKind,--D,4357,58554.665,2,0001564533,Common Stock
A,01/23/2023 00:00:00,Hill J Thomas,4,M-Exempt,--D,7000,62911.665,1,0001564533,Common Stock
A,12/14/2022 00:00:00,Anderson Melissa H.,4,A-Award,--D,317.962,673.444,1,0001631925,Phantom Stock (Deferred Compensation)
A,12/14/2022 00:00:00,FANNING THOMAS A,4,A-Award,--D,317.962,7717.143,1,0001227464,Phantom Stock (Deferred Compensation)
A,12/14/2022 00:00:00,STEINER DAVID P,4,A-Award,--D,317.962,5385.707,1,0001197040,Phantom Stock (Deferred Compensation)
A,12/14/2022 00:00:00,STYSLINGER LEE J III,4,A-Award,--D,317.962,10638.497,1,0001256896,Phantom Stock (Deferred Compensation)
A,12/14/2022 00:00:00,QUIRK KATHLEEN L,4,A-Award,--D,317.962,4974.577,1,0001200809,Phantom Stock (Deferred Compensation)
D,12/05/2022 00:00:00,Clement David P,4,S-Sale,--D,2000,1970,1,0001587528,Common Stock
D,12/02/2022 00:00:00,Franklin Denson N. III,4,M-Exempt,--D,3000,0,3,0001793654,Common Stock (Restricted Stock Units)
D,12/02/2022 00:00:00,Franklin Denson N. III,4,F-InKind,--D,1284,1839,2,0001793654,Common Stock
A,12/02/2022 00:00:00,Franklin Denson N. III,4,M-Exempt,--D,3000,3123,1,0001793654,Common Stock
D,11/25/2022 00:00:00,Perkins Jerry F Jr,4,G-Gift,-ED,63,8138,1,0001667316,Common Stock
D,08/18/2022 00:00:00,Pigg Randy L.,4,G-Gift,-ED,340,1524,1,0001737603,Common Stock
D,06/15/2022 00:00:00,OBRIEN RICHARD T,4,M-Exempt,--D,793,0,2,0001179997,Restricted Stock Units
A,06/15/2022 00:00:00,OBRIEN RICHARD T,4,M-Exempt,--D,793,2296,1,0001179997,Common Stock
D,06/15/2022 00:00:00,HALL GRAYSON,4,M-Exempt,--D,793,0,2,0001217173,Restricted Stock Units
A,06/15/2022 00:00:00,HALL GRAYSON,4,M-Exempt,--D,793,2296,1,0001217173,Common Stock
D,06/15/2022 00:00:00,Willis George,4,M-Exempt,--D,793,0,2,0001739314,Restricted Stock Units
A,06/15/2022 00:00:00,Willis George,4,M-Exempt,--D,793,2296,1,0001739314,Common Stock
A,06/15/2022 00:00:00,STYSLINGER LEE J III,4,A-Award,--D,446.179,10273.639,1,0001256896,Phantom Stock (Deferred Compensation)
A,06/15/2022 00:00:00,QUIRK KATHLEEN L,4,A-Award,--D,507.72,4635.456,1,0001200809,Phantom Stock (Deferred Compensation)
A,06/15/2022 00:00:00,FANNING THOMAS A,4,A-Award,--D,476.949,7365.559,1,0001227464,Phantom Stock (Deferred Compensation)
A,06/15/2022 00:00:00,Anderson Melissa H.,4,A-Award,--D,353.866,353.866,1,0001631925,Phantom Stock (Deferred Compensation)
A,06/15/2022 00:00:00,STEINER DAVID P,4,A-Award,--D,446.179,5044.717,1,0001197040,Phantom Stock (Deferred Compensation)
D,06/07/2022 00:00:00,Clement David P,4,S-Sale,--D,3377,3970,3,0001587528,Common Stock
D,06/03/2022 00:00:00,Clement David P,4,M-Exempt,--D,2800,0,5,0001587528,Stock Appreciation Right
D,06/03/2022 00:00:00,Clement David P,4,F-InKind,--D,2030,7347,2,0001587528,Common Stock
A,06/03/2022 00:00:00,Clement David P,4,M-Exempt,--D,2800,9377,1,0001587528,Common Stock
A,05/13/2022 00:00:00,STEINER DAVID P,4,A-Award,--D,895,895,1,0001197040,Restricted Stock Units
A,05/13/2022 00:00:00,STYSLINGER LEE J III,4,A-Award,--D,895,895,1,0001256896,Restricted Stock Units
A,05/13/2022 00:00:00,QUIRK KATHLEEN L,4,A-Award,--D,895,895,1,0001200809,Restricted Stock Units
A,05/13/2022 00:00:00,Willis George,4,A-Award,--D,895,895,1,0001739314,Restricted Stock Units
A,05/13/2022 00:00:00,PROKOPANKO JAMES T,4,A-Award,--D,895,895,1,0001301456,Restricted Stock Units
A,05/13/2022 00:00:00,OBRIEN RICHARD T,4,A-Award,--D,895,895,1,0001179997,Restricted Stock Units
A,05/13/2022 00:00:00,Hostetler Cynthia Lynn,4,A-Award,--D,895,895,1,0001547404,Restricted Stock Units
A,05/13/2022 00:00:00,FANNING THOMAS A,4,A-Award,--D,895,895,1,0001227464,Restricted Stock Units
A,05/13/2022 00:00:00,HALL GRAYSON,4,A-Award,--D,895,895,1,0001217173,Restricted Stock Units
A,05/13/2022 00:00:00,Anderson Melissa H.,4,A-Award,--D,895,895,2,0001631925,Restricted Stock Units
D,02/22/2022 00:00:00,BAKER THOMPSON S II,4,M-Exempt,--D,2200,0,10,0001190090,Restricted Stock Units
D,02/22/2022 00:00:00,BAKER THOMPSON S II,4,F-InKind,--D,814,16905,2,0001190090,Common Stock
A,02/22/2022 00:00:00,BAKER THOMPSON S II,4,M-Exempt,--D,2200,17719,1,0001190090,Common Stock
D,02/22/2022 00:00:00,Bass Stanley G,4,M-Exempt,--D,2000,0,7,0001564578,Restricted Stock Units
D,02/22/2022 00:00:00,Bass Stanley G,4,F-InKind,--D,856,16382.2446,2,0001564578,Common Stock
A,02/22/2022 00:00:00,Bass Stanley G,4,M-Exempt,--D,2000,17238.2446,1,0001564578,Common Stock
D,02/22/2022 00:00:00,Hill J Thomas,4,M-Exempt,--D,9000,0,7,0001564533,Restricted Stock Units
D,02/22/2022 00:00:00,Hill J Thomas,4,F-InKind,--D,3780,55911.665,2,0001564533,Common Stock
A,02/22/2022 00:00:00,Hill J Thomas,4,M-Exempt,--D,9000,59691.665,1,0001564533,Common Stock
D,02/22/2022 00:00:00,Wood Suzanne H,4,M-Exempt,--D,2600,0,7,0001749902,Restricted Stock Units
D,02/22/2022 00:00:00,Wood Suzanne H,4,F-InKind,--D,1113,9669,2,0001749902,Common Stock
A,02/22/2022 00:00:00,Wood Suzanne H,4,M-Exempt,--D,2600,10782,1,0001749902,Common Stock
D,02/22/2022 00:00:00,Pigg Randy L.,4,M-Exempt,--D,470,0,6,0001737603,Restricted Stock Units
D,02/22/2022 00:00:00,Pigg Randy L.,4,F-InKind,--D,197,1864,2,0001737603,Common Stock
A,02/22/2022 00:00:00,Pigg Randy L.,4,M-Exempt,--D,470,2061,1,0001737603,Common Stock
D,02/22/2022 00:00:00,Teter Jason P,4,M-Exempt,--D,2500,0,10,0001627941,Restricted Stock Units
D,02/22/2022 00:00:00,Teter Jason P,4,M-Exempt,--D,600,0,9,0001627941,Restricted Stock Units
D,02/22/2022 00:00:00,Teter Jason P,4,F-InKind,--D,267,11333,4,0001627941,Common Stock
D,02/22/2022 00:00:00,Teter Jason P,4,F-InKind,--D,1109,11600,3,0001627941,Common Stock
A,02/22/2022 00:00:00,Teter Jason P,4,M-Exempt,--D,600,12709,2,0001627941,Common Stock
A,02/22/2022 00:00:00,Teter Jason P,4,M-Exempt,--D,2500,12109,1,0001627941,Common Stock
D,02/22/2022 00:00:00,Perkins Jerry F Jr,4,M-Exempt,--D,700,0,7,0001667316,Restricted Stock Units
D,02/22/2022 00:00:00,Perkins Jerry F Jr,4,F-InKind,--D,311,8201,2,0001667316,Common Stock
A,02/22/2022 00:00:00,Perkins Jerry F Jr,4,M-Exempt,--D,700,8512,1,0001667316,Common Stock
D,02/22/2022 00:00:00,Clement David P,4,M-Exempt,--D,800,0,7,0001587528,Restricted Stock Units
D,02/22/2022 00:00:00,Clement David P,4,F-InKind,--D,303,6577,2,0001587528,Common Stock
A,02/22/2022 00:00:00,Clement David P,4,M-Exempt,--D,800,6880,1,0001587528,Common Stock
A,02/18/2022 00:00:00,BAKER THOMPSON S II,4,A-Award,--D,6600,6600,9,0001190090,Stock Appreciation Right
A,02/18/2022 00:00:00,BAKER THOMPSON S II,4,A-Award,--D,2200,2200,8,0001190090,Restricted Stock Units
A,02/18/2022 00:00:00,BAKER THOMPSON S II,4,A-Award,--D,6500,6500,7,0001190090,Performance Share Units
A,02/18/2022 00:00:00,Bass Stanley G,4,A-Award,--D,5400,5400,6,0001564578,Stock Appreciation Right
A,02/18/2022 00:00:00,Bass Stanley G,4,A-Award,--D,1800,1800,5,0001564578,Restricted Stock Units
A,02/18/2022 00:00:00,Bass Stanley G,4,A-Award,--D,5300,5300,4,0001564578,Performance Share Units
A,02/18/2022 00:00:00,Hill J Thomas,4,A-Award,--D,22400,22400,6,0001564533,Stock Appreciation Right
A,02/18/2022 00:00:00,Hill J Thomas,4,A-Award,--D,7300,7300,5,0001564533,Restricted Stock Units
A,02/18/2022 00:00:00,Hill J Thomas,4,A-Award,--D,22000,22000,4,0001564533,Performance Share Units
A,02/18/2022 00:00:00,Wood Suzanne H,4,A-Award,--D,6300,6300,6,0001749902,Stock Appreciation Right
A,02/18/2022 00:00:00,Wood Suzanne H,4,A-Award,--D,2100,2100,5,0001749902,Restricted Stock Units
A,02/18/2022 00:00:00,Wood Suzanne H,4,A-Award,--D,6200,6200,4,0001749902,Performance Share Units
A,02/18/2022 00:00:00,Pruitt Ronnie A,4,A-Award,--D,3000,3000,3,0001432991,Stock Appreciation Right
A,02/18/2022 00:00:00,Pruitt Ronnie A,4,A-Award,--D,1000,1000,2,0001432991,Restricted Stock Units
A,02/18/2022 00:00:00,Pruitt Ronnie A,4,A-Award,--D,2900,2900,1,0001432991,Performance Share Units
A,02/18/2022 00:00:00,Pigg Randy L.,4,A-Award,--D,380,380,5,0001737603,Restricted Stock Units
A,02/18/2022 00:00:00,Pigg Randy L.,4,A-Award,--D,380,380,4,0001737603,Performance Share Units
A,02/18/2022 00:00:00,Teter Jason P,4,A-Award,--D,2700,2700,8,0001627941,Stock Appreciation Right
A,02/18/2022 00:00:00,Teter Jason P,4,A-Award,--D,900,900,7,0001627941,Restricted Stock Units
A,02/18/2022 00:00:00,Teter Jason P,4,A-Award,--D,2700,2700,6,0001627941,Performance Share Units
A,02/18/2022 00:00:00,Perkins Jerry F Jr,4,A-Award,--D,2700,2700,6,0001667316,Stock Appreciation Right
A,02/18/2022 00:00:00,Perkins Jerry F Jr,4,A-Award,--D,900,900,5,0001667316,Restricted Stock Units
A,02/18/2022 00:00:00,Perkins Jerry F Jr,4,A-Award,--D,2700,2700,4,0001667316,Performance Share Units
A,02/18/2022 00:00:00,Franklin Denson N. III,4,A-Award,--D,3200,3200,3,0001793654,Stock Appreciation Right
A,02/18/2022 00:00:00,Franklin Denson N. III,4,A-Award,--D,1100,1100,2,0001793654,Restricted Stock Units
A,02/18/2022 00:00:00,Franklin Denson N. III,4,A-Award,--D,3200,3200,1,0001793654,Performance Share Units
A,02/18/2022 00:00:00,Clement David P,4,A-Award,--D,3000,3000,6,0001587528,Stock Appreciation Right
A,02/18/2022 00:00:00,Clement David P,4,A-Award,--D,1000,1000,5,0001587528,Restricted Stock Units
A,02/18/2022 00:00:00,Clement David P,4,A-Award,--D,2900,2900,4,0001587528,Performance Share Units
D,02/11/2022 00:00:00,Bass Stanley G,4,M-Exempt,--D,6000,0,4,0001564578,Performance Share Units
D,02/11/2022 00:00:00,Bass Stanley G,4,F-InKind,--D,383,15238.2446,2,0001564578,Common Stock
A,02/11/2022 00:00:00,Bass Stanley G,4,M-Exempt,--D,8454,15621.2446,1,0001564578,Common Stock
D,02/11/2022 00:00:00,Pigg Randy L.,4,M-Exempt,--D,470,0,4,0001737603,Performance Share Units
D,02/11/2022 00:00:00,Pigg Randy L.,4,F-InKind,--D,316,1591,2,0001737603,Common Stock
A,02/11/2022 00:00:00,Pigg Randy L.,4,M-Exempt,--D,663,1907,1,0001737603,Common Stock
D,02/11/2022 00:00:00,Perkins Jerry F Jr,4,M-Exempt,--D,2200,0,4,0001667316,Performance Share Units
D,02/11/2022 00:00:00,Perkins Jerry F Jr,4,F-InKind,--D,1403,7812,2,0001667316,Common Stock
A,02/11/2022 00:00:00,Perkins Jerry F Jr,4,M-Exempt,--D,3100,9215,1,0001667316,Common Stock
D,02/11/2022 00:00:00,Wood Suzanne H,4,M-Exempt,--D,7900,0,4,0001749902,Performance Share Units
D,02/11/2022 00:00:00,Wood Suzanne H,4,F-InKind,--D,4970,8182,2,0001749902,Common Stock
A,02/11/2022 00:00:00,Wood Suzanne H,4,M-Exempt,--D,11132,13152,1,0001749902,Common Stock
D,02/11/2022 00:00:00,Hill J Thomas,4,M-Exempt,--D,27000,0,4,0001564533,Performance Share Units
D,02/11/2022 00:00:00,Hill J Thomas,4,F-InKind,--D,16882,50691.665,2,0001564533,Common Stock
A,02/11/2022 00:00:00,Hill J Thomas,4,M-Exempt,--D,38043,67573.665,1,0001564533,Common Stock
D,02/11/2022 00:00:00,Teter Jason P,4,M-Exempt,--D,1800,0,4,0001627941,Performance Share Units
D,02/11/2022 00:00:00,Teter Jason P,4,F-InKind,--D,1153,9609,2,0001627941,Common Stock
A,02/11/2022 00:00:00,Teter Jason P,4,M-Exempt,--D,2537,10762,1,0001627941,Common Stock
D,02/11/2022 00:00:00,BAKER THOMPSON S II,4,M-Exempt,--D,6700,0,7,0001190090,Performance Share Units
D,02/11/2022 00:00:00,BAKER THOMPSON S II,4,F-InKind,--D,2944,15519,2,0001190090,Common Stock
A,02/11/2022 00:00:00,BAKER THOMPSON S II,4,M-Exempt,--D,9441,18463,1,0001190090,Common Stock
D,02/11/2022 00:00:00,Clement David P,4,M-Exempt,--D,2500,0,4,0001587528,Performance Share Units
D,02/11/2022 00:00:00,Clement David P,4,F-InKind,--D,1413,6080,2,0001587528,Common Stock
A,02/11/2022 00:00:00,Clement David P,4,M-Exempt,--D,3523,7493,1,0001587528,Common Stock
A,12/15/2021 00:00:00,STYSLINGER LEE J III,4,A-Award,--D,289.163,9781.836,1,0001256896,Phantom Stock (Deferred Compensation)
A,12/15/2021 00:00:00,STEINER DAVID P,4,A-Award,--D,289.163,4577.19,1,0001197040,Phantom Stock (Deferred Compensation)
A,12/15/2021 00:00:00,QUIRK KATHLEEN L,4,A-Award,--D,289.163,4108.573,1,0001200809,Phantom Stock (Deferred Compensation)
A,12/15/2021 00:00:00,FANNING THOMAS A,4,A-Award,--D,289.163,6856.629,1,0001227464,Phantom Stock (Deferred Compensation)
D,11/23/2021 00:00:00,Perkins Jerry F Jr,4,S-Sale,--D,493,6115,5,0001667316,Common Stock
D,11/23/2021 00:00:00,Clement David P,4,S-Sale,--D,4000,5266,5,0001587528,Common Stock
D,11/22/2021 00:00:00,Perkins Jerry F Jr,4,S-Sale,--D,2523,4922.934,6,0001667316,Common Stock (401k)
D,11/22/2021 00:00:00,Perkins Jerry F Jr,4,G-Gift,--D,81,6608,4,0001667316,Common Stock
D,11/22/2021 00:00:00,Perkins Jerry F Jr,4,S-Sale,--D,445,6689,3,0001667316,Common Stock
D,11/22/2021 00:00:00,Clement David P,4,S-Sale,--D,2743.036,1697.839,6,0001587528,Common Stock (401k)
D,11/19/2021 00:00:00,Perkins Jerry F Jr,4,M-Exempt,--D,1230,0,7,0001667316,Stock Appreciation Right
D,11/19/2021 00:00:00,Perkins Jerry F Jr,4,F-InKind,--D,737,7134,2,0001667316,Common Stock
A,11/19/2021 00:00:00,Perkins Jerry F Jr,4,M-Exempt,--D,1230,7871,1,0001667316,Common Stock
D,11/19/2021 00:00:00,Clement David P,4,M-Exempt,--D,3300,0,8,0001587528,Stock Appreciation Right
D,11/19/2021 00:00:00,Clement David P,4,M-Exempt,--D,1080,0,7,0001587528,Stock Appreciation Right
D,11/19/2021 00:00:00,Clement David P,4,F-InKind,--D,2099,9266,4,0001587528,Common Stock
A,11/19/2021 00:00:00,Clement David P,4,M-Exempt,--D,3300,11365,3,0001587528,Common Stock
D,11/19/2021 00:00:00,Clement David P,4,F-InKind,--D,608,8065,2,0001587528,Common Stock
A,11/19/2021 00:00:00,Clement David P,4,M-Exempt,--D,1080,8673,1,0001587528,Common Stock
D,11/18/2021 00:00:00,Teter Jason P,4,S-Sale,--D,100,11613,12,0001627941,Common Stock
D,11/18/2021 00:00:00,Teter Jason P,4,S-Sale,--D,1290,11713,11,0001627941,Common Stock
D,11/16/2021 00:00:00,Teter Jason P,4/A,F-InKind,--D,841,9615,10,0001627941,Common Stock
A,11/16/2021 00:00:00,Teter Jason P,4/A,M-Exempt,--D,1034,10456,9,0001627941,Common Stock
D,11/16/2021 00:00:00,Teter Jason P,4/A,F-InKind,--D,857,9422,8,0001627941,Common Stock
A,11/16/2021 00:00:00,Teter Jason P,4/A,M-Exempt,--D,1134,10279,7,0001627941,Common Stock
D,11/16/2021 00:00:00,Teter Jason P,4/A,F-InKind,--D,1402,9145,6,0001627941,Common Stock
A,11/16/2021 00:00:00,Teter Jason P,4/A,M-Exempt,--D,1800,10547,5,0001627941,Common Stock
D,11/16/2021 00:00:00,Teter Jason P,4/A,F-InKind,--D,1329,8747,4,0001627941,Common Stock
A,11/16/2021 00:00:00,Teter Jason P,4/A,M-Exempt,--D,1700,10076,3,0001627941,Common Stock
D,11/16/2021 00:00:00,Teter Jason P,4/A,F-InKind,--D,349,8376,2,0001627941,Common Stock
A,11/16/2021 00:00:00,Teter Jason P,4/A,M-Exempt,--D,500,8725,1,0001627941,Common Stock
D,11/16/2021 00:00:00,Teter Jason P,4,M-Exempt,--D,1034,2066,18,0001627941,Stock Appreciation Right
D,11/16/2021 00:00:00,Teter Jason P,4,M-Exempt,--D,1134,566,17,0001627941,Stock Appreciation Right
D,11/16/2021 00:00:00,Teter Jason P,4,M-Exempt,--D,1800,0,16,0001627941,Stock Appreciation Right
D,11/16/2021 00:00:00,Teter Jason P,4,M-Exempt,--D,1700,0,15,0001627941,Stock Appreciation Right
D,11/16/2021 00:00:00,Teter Jason P,4,M-Exempt,--D,500,0,14,0001627941,Stock Appreciation Right
D,11/16/2021 00:00:00,Teter Jason P,4,F-InKind,--D,193,13003,10,0001627941,Common Stock
A,11/16/2021 00:00:00,Teter Jason P,4,M-Exempt,--D,1034,13196,9,0001627941,Common Stock
D,11/16/2021 00:00:00,Teter Jason P,4,F-InKind,--D,277,12162,8,0001627941,Common Stock
A,11/16/2021 00:00:00,Teter Jason P,4,M-Exempt,--D,1134,12439,7,0001627941,Common Stock
D,11/16/2021 00:00:00,Teter Jason P,4,F-InKind,--D,398,11305,6,0001627941,Common Stock
A,11/16/2021 00:00:00,Teter Jason P,4,M-Exempt,--D,1800,11703,5,0001627941,Common Stock
D,11/16/2021 00:00:00,Teter Jason P,4,F-InKind,--D,371,9903,4,0001627941,Common Stock
A,11/16/2021 00:00:00,Teter Jason P,4,M-Exempt,--D,1700,10274,3,0001627941,Common Stock
D,11/16/2021 00:00:00,Teter Jason P,4,F-InKind,--D,151,8574,2,0001627941,Common Stock
A,11/16/2021 00:00:00,Teter Jason P,4,M-Exempt,--D,500,8725,1,0001627941,Common Stock
D,09/07/2021 00:00:00,Wood Suzanne H,4,M-Exempt,--D,3500,0,4,0001749902,Restricted Stock Units
D,09/07/2021 00:00:00,Wood Suzanne H,4,F-InKind,--D,1480,2020,2,0001749902,Common Stock
A,09/07/2021 00:00:00,Wood Suzanne H,4,M-Exempt,--D,3500,3500,1,0001749902,Common Stock
D,09/01/2021 00:00:00,Bass Stanley G,4/A,F-InKind,--D,5331,7167.2446,8,0001564578,Common Stock
A,09/01/2021 00:00:00,Bass Stanley G,4/A,M-Exempt,--D,6600,12498.2446,7,0001564578,Common Stock
D,09/01/2021 00:00:00,Bass Stanley G,4/A,F-InKind,--D,5593,5898.2446,6,0001564578,Common Stock
A,09/01/2021 00:00:00,Bass Stanley G,4/A,M-Exempt,--D,6900,11491.2446,5,0001564578,Common Stock
D,09/01/2021 00:00:00,Bass Stanley G,4/A,F-InKind,--D,6686,4591.2446,4,0001564578,Common Stock
A,09/01/2021 00:00:00,Bass Stanley G,4/A,M-Exempt,--D,9300,11277.2446,3,0001564578,Common Stock
D,09/01/2021 00:00:00,Bass Stanley G,4/A,F-InKind,--D,4224,1977.2446,2,0001564578,Common Stock
A,09/01/2021 00:00:00,Bass Stanley G,4/A,M-Exempt,--D,6200,6201.2446,1,0001564578,Common Stock
D,09/01/2021 00:00:00,Bass Stanley G,4,S-Sale,--D,17057.0978,0,1,0001564578,Common Stock (401k)
D,09/01/2021 00:00:00,Bass Stanley G,4,M-Exempt,--D,6600,0,16,0001564578,Stock Appreciation Right
D,09/01/2021 00:00:00,Bass Stanley G,4,M-Exempt,--D,6900,0,15,0001564578,Stock Appreciation Right
D,09/01/2021 00:00:00,Bass Stanley G,4,M-Exempt,--D,9300,0,14,0001564578,Stock Appreciation Right
D,09/01/2021 00:00:00,Bass Stanley G,4,M-Exempt,--D,6200,0,13,0001564578,Stock Appreciation Right
D,09/01/2021 00:00:00,Bass Stanley G,4,F-InKind,--D,1269,21835.2446,11,0001564578,Common Stock
A,09/01/2021 00:00:00,Bass Stanley G,4,M-Exempt,--D,6600,23104.2446,10,0001564578,Common Stock
D,09/01/2021 00:00:00,Bass Stanley G,4,F-InKind,--D,1307,16504.2446,9,0001564578,Common Stock
A,09/01/2021 00:00:00,Bass Stanley G,4,M-Exempt,--D,6900,17811.2446,8,0001564578,Common Stock
D,09/01/2021 00:00:00,Bass Stanley G,4,F-InKind,--D,2614,10911.2446,7,0001564578,Common Stock
A,09/01/2021 00:00:00,Bass Stanley G,4,M-Exempt,--D,9300,13525.2446,6,0001564578,Common Stock
D,09/01/2021 00:00:00,Bass Stanley G,4,F-InKind,--D,1976,4225.2446,5,0001564578,Common Stock
A,09/01/2021 00:00:00,Bass Stanley G,4,M-Exempt,--D,6200,6201.2446,4,0001564578,Common Stock
D,08/31/2021 00:00:00,Bass Stanley G,4,S-Sale,--D,11582,1.2446,3,0001564578,Common Stock
D,08/31/2021 00:00:00,Bass Stanley G,4,S-Sale,--D,600,11583.2446,2,0001564578,Common Stock
D,08/31/2021 00:00:00,Bass Stanley G,4,S-Sale,--D,21339,12183.2446,1,0001564578,Common Stock
D,08/31/2021 00:00:00,Hill J Thomas,4,S-Sale,--D,2300,29530.665,4,0001564533,Common Stock
D,08/31/2021 00:00:00,Hill J Thomas,4,S-Sale,--D,20809,31830.665,3,0001564533,Common Stock
D,08/30/2021 00:00:00,Hill J Thomas,4,S-Sale,--D,17825,52639.665,2,0001564533,Common Stock
D,08/30/2021 00:00:00,Hill J Thomas,4,S-Sale,--D,51733,70464.665,1,0001564533,Common Stock
A,08/26/2021 00:00:00,Pruitt Ronnie A,4,A-Award,--D,6400,6400,1,0001432991,Performance Share Units
D,08/24/2021 00:00:00,Clement David P,4,S-Sale,--D,3716,7593,1,0001587528,Common Stock
D,08/20/2021 00:00:00,Clement David P,4,M-Exempt,--D,3600,0,4,0001587528,Stock Appreciation Right
D,08/20/2021 00:00:00,Clement David P,4,F-InKind,--D,907,11309,2,0001587528,Common Stock
A,08/20/2021 00:00:00,Clement David P,4,M-Exempt,--D,3600,12216,1,0001587528,Common Stock
D,08/13/2021 00:00:00,Pigg Randy L.,4,G-Gift,-ED,220,1244,1,0001737603,Common Stock
D,06/16/2021 00:00:00,HALL GRAYSON,4/A,M-Exempt,--D,1503,0,2,0001217173,Restricted Stock Units
A,06/16/2021 00:00:00,HALL GRAYSON,4/A,M-Exempt,--D,1503,1503,1,0001217173,Common Stock
D,06/16/2021 00:00:00,Willis George,4/A,M-Exempt,--D,1503,0,2,0001739314,Restricted Stock Units
A,06/16/2021 00:00:00,Willis George,4/A,M-Exempt,--D,1503,1503,1,0001739314,Common Stock
D,06/16/2021 00:00:00,OBRIEN RICHARD T,4/A,M-Exempt,--D,1503,0,2,0001179997,Restricted Stock Units
A,06/16/2021 00:00:00,OBRIEN RICHARD T,4/A,M-Exempt,--D,1503,1503,1,0001179997,Common Stock
D,06/16/2021 00:00:00,Willis George,4,M-Exempt,--D,1505,0,2,0001739314,Restricted Stock Units
A,06/16/2021 00:00:00,Willis George,4,M-Exempt,--D,1505,1505,1,0001739314,Common Stock
D,06/16/2021 00:00:00,HALL GRAYSON,4,M-Exempt,--D,1505,0,2,0001217173,Restricted Stock Units
A,06/16/2021 00:00:00,HALL GRAYSON,4,M-Exempt,--D,1505,1505,1,0001217173,Common Stock
D,06/16/2021 00:00:00,OBRIEN RICHARD T,4,M-Exempt,--D,1505,0,2,0001179997,Restricted Stock Units
A,06/16/2021 00:00:00,OBRIEN RICHARD T,4,M-Exempt,--D,1505,1505,1,0001179997,Common Stock
A,06/15/2021 00:00:00,QUIRK KATHLEEN L,4,A-Award,--D,453.48,3804.726,1,0001200809,Phantom Stock (Deferred Compensation)
A,06/15/2021 00:00:00,FANNING THOMAS A,4,A-Award,--D,425.99,6542.21,1,0001227464,Phantom Stock (Deferred Compensation)
A,06/15/2021 00:00:00,STYSLINGER LEE J III,4,A-Award,--D,398.51,9456.164,1,0001256896,Phantom Stock (Deferred Compensation)
A,06/15/2021 00:00:00,STEINER DAVID P,4,A-Award,--D,398.51,4271.538,1,0001197040,Phantom Stock (Deferred Compensation)
A,05/14/2021 00:00:00,Anderson Melissa H.,4,P-Purchase,--D,500,500,1,0001631925,Common Stock
A,05/14/2021 00:00:00,Anderson Melissa H.,4,A-Award,--D,785,785,1,0001631925,Restricted Stock Units
A,05/14/2021 00:00:00,OBRIEN RICHARD T,4,A-Award,--D,785,785,1,0001179997,Restricted Stock Units
A,05/14/2021 00:00:00,HALL GRAYSON,4,A-Award,--D,785,785,1,0001217173,Restricted Stock Units
A,05/14/2021 00:00:00,Willis George,4,A-Award,--D,785,785,1,0001739314,Restricted Stock Units
A,05/14/2021 00:00:00,STYSLINGER LEE J III,4,A-Award,--D,785,785,1,0001256896,Restricted Stock Units
A,05/14/2021 00:00:00,STEINER DAVID P,4,A-Award,--D,785,785,1,0001197040,Restricted Stock Units
A,05/14/2021 00:00:00,QUIRK KATHLEEN L,4,A-Award,--D,785,785,1,0001200809,Restricted Stock Units
A,05/14/2021 00:00:00,PROKOPANKO JAMES T,4,A-Award,--D,785,785,1,0001301456,Restricted Stock Units
A,05/14/2021 00:00:00,Hostetler Cynthia Lynn,4,A-Award,--D,785,785,1,0001547404,Restricted Stock Units
A,05/14/2021 00:00:00,FANNING THOMAS A,4,A-Award,--D,785,785,1,0001227464,Restricted Stock Units
D,03/01/2021 00:00:00,Pigg Randy L.,4,S-Sale,--D,216,1464,3,0001737603,Common Stock
D,02/25/2021 00:00:00,Pigg Randy L.,4,M-Exempt,--D,570,0,5,0001737603,Stock Appreciation Right
D,02/25/2021 00:00:00,Pigg Randy L.,4,F-InKind,--D,354,1680,2,0001737603,Common Stock
A,02/25/2021 00:00:00,Pigg Randy L.,4,M-Exempt,--D,570,2034,1,0001737603,Common Stock
D,02/23/2021 00:00:00,Pigg Randy L.,4,M-Exempt,--D,330,0,4,0001737603,Restricted Stock Units
D,02/23/2021 00:00:00,Pigg Randy L.,4,F-InKind,--D,157,1464,2,0001737603,Common Stock
A,02/23/2021 00:00:00,Pigg Randy L.,4,M-Exempt,--D,330,1621,1,0001737603,Common Stock
A,02/19/2021 00:00:00,Pigg Randy L.,4,A-Award,--D,330,330,2,0001737603,Restricted Stock Units
A,02/19/2021 00:00:00,Pigg Randy L.,4,A-Award,--D,330,330,1,0001737603,Performance Share Units
A,02/19/2021 00:00:00,Franklin Denson N. III,4,A-Award,--D,3200,3200,3,0001793654,Stock Appreciation Right
A,02/19/2021 00:00:00,Franklin Denson N. III,4,A-Award,--D,1000,1000,2,0001793654,Restricted Stock Units
A,02/19/2021 00:00:00,Franklin Denson N. III,4,A-Award,--D,3100,3100,1,0001793654,Performance Share Units
A,02/19/2021 00:00:00,Teter Jason P,4,A-Award,--D,2600,2600,3,0001627941,Stock Appreciation Right
A,02/19/2021 00:00:00,Teter Jason P,4,A-Award,--D,800,800,2,0001627941,Restricted Stock Units
A,02/19/2021 00:00:00,Teter Jason P,4,A-Award,--D,2400,2400,1,0001627941,Performance Share Units
A,02/19/2021 00:00:00,Perkins Jerry F Jr,4,A-Award,--D,2600,2600,3,0001667316,Stock Appreciation Right
A,02/19/2021 00:00:00,Perkins Jerry F Jr,4,A-Award,--D,800,800,2,0001667316,Restricted Stock Units
A,02/19/2021 00:00:00,Perkins Jerry F Jr,4,A-Award,--D,2400,2400,1,0001667316,Performance Share Units
A,02/19/2021 00:00:00,Wood Suzanne H,4,A-Award,--D,6500,6500,3,0001749902,Stock Appreciation Right
A,02/19/2021 00:00:00,Wood Suzanne H,4,A-Award,--D,2100,2100,2,0001749902,Restricted Stock Units
A,02/19/2021 00:00:00,Wood Suzanne H,4,A-Award,--D,6200,6200,1,0001749902,Performance Share Units
A,02/19/2021 00:00:00,Clement David P,4,A-Award,--D,2800,2800,3,0001587528,Stock Appreciation Right
A,02/19/2021 00:00:00,Clement David P,4,A-Award,--D,900,900,2,0001587528,Restricted Stock Units
A,02/19/2021 00:00:00,Clement David P,4,A-Award,--D,2700,2700,1,0001587528,Performance Share Units
A,02/19/2021 00:00:00,BAKER THOMPSON S II,4,A-Award,--D,6300,6300,3,0001190090,Stock Appreciation Right
A,02/19/2021 00:00:00,BAKER THOMPSON S II,4,A-Award,--D,2000,2000,2,0001190090,Restricted Stock Units
A,02/19/2021 00:00:00,BAKER THOMPSON S II,4,A-Award,--D,6000,6000,1,0001190090,Performance Share Units
A,02/19/2021 00:00:00,Bass Stanley G,4,A-Award,--D,5500,5500,3,0001564578,Stock Appreciation Right
A,02/19/2021 00:00:00,Bass Stanley G,4,A-Award,--D,1800,1800,2,0001564578,Restricted Stock Units
A,02/19/2021 00:00:00,Bass Stanley G,4,A-Award,--D,5300,5300,1,0001564578,Performance Share Units
A,02/19/2021 00:00:00,Hill J Thomas,4,A-Award,--D,24800,24800,3,0001564533,Stock Appreciation Right
A,02/19/2021 00:00:00,Hill J Thomas,4,A-Award,--D,7900,7900,2,0001564533,Restricted Stock Units
A,02/19/2021 00:00:00,Hill J Thomas,4,A-Award,--D,23700,23700,1,0001564533,Performance Share Units
A,02/12/2021 00:00:00,Bass Stanley G,4,M-Exempt,--D,6914,6914,2,0001564578,Phantom Stock (Deferred Comp DSUs/PSUs)
D,02/12/2021 00:00:00,Bass Stanley G,4,M-Exempt,--D,6600,0,1,0001564578,Performance Share Units
D,02/12/2021 00:00:00,Teter Jason P,4,M-Exempt,--D,1800,0,4,0001627941,Performance Share Units
D,02/12/2021 00:00:00,Teter Jason P,4,F-InKind,--D,876,8225,2,0001627941,Common Stock
A,02/12/2021 00:00:00,Teter Jason P,4,M-Exempt,--D,1959,9101,1,0001627941,Common Stock
D,02/12/2021 00:00:00,Perkins Jerry F Jr,4,M-Exempt,--D,2400,0,4,0001667316,Performance Share Units
D,02/12/2021 00:00:00,Perkins Jerry F Jr,4,F-InKind,--D,1191,6641,2,0001667316,Common Stock
A,02/12/2021 00:00:00,Perkins Jerry F Jr,4,M-Exempt,--D,2612,7832,1,0001667316,Common Stock
D,02/12/2021 00:00:00,Hill J Thomas,4,M-Exempt,--D,27200,0,4,0001564533,Performance Share Units
D,02/12/2021 00:00:00,Hill J Thomas,4,F-InKind,--D,13136,122197.665,2,0001564533,Common Stock
A,02/12/2021 00:00:00,Hill J Thomas,4,M-Exempt,--D,29594,135333.665,1,0001564533,Common Stock
D,02/12/2021 00:00:00,Clement David P,4,M-Exempt,--D,1900,0,4,0001587528,Performance Share Units
D,02/12/2021 00:00:00,Clement David P,4,F-InKind,--D,845,8616,2,0001587528,Common Stock
A,02/12/2021 00:00:00,Clement David P,4,M-Exempt,--D,2068,9461,1,0001587528,Common Stock
D,02/12/2021 00:00:00,Pigg Randy L.,4,M-Exempt,--D,330,0,4,0001737603,Performance Share Units
D,02/12/2021 00:00:00,Pigg Randy L.,4,F-InKind,--D,179,1291,2,0001737603,Common Stock
A,02/12/2021 00:00:00,Pigg Randy L.,4,M-Exempt,--D,360,1470,1,0001737603,Common Stock
D,02/12/2021 00:00:00,BAKER THOMPSON S II,4,M-Exempt,--D,6600,0,7,0001190090,Performance Share Units
D,02/12/2021 00:00:00,BAKER THOMPSON S II,4,F-InKind,--D,1914,9022,2,0001190090,Common Stock
A,02/12/2021 00:00:00,BAKER THOMPSON S II,4,M-Exempt,--D,7181,10936,1,0001190090,Common Stock
D,01/22/2021 00:00:00,Bass Stanley G,4,M-Exempt,--D,9071.5529,0,4,0001564578,Phantom Stock (Deferred Comp DSUs/PSUs)
D,01/22/2021 00:00:00,Bass Stanley G,4,F-InKind,--D,3812,33522.2446,2,0001564578,Common Stock
A,01/22/2021 00:00:00,Bass Stanley G,4,M-Exempt,--D,9071.5529,37334.2446,1,0001564578,Common Stock
A,12/15/2020 00:00:00,STEINER DAVID P,4,A-Award,--D,388.465,3856.739,1,0001197040,Phantom Stock (Deferred Compensation)
A,12/15/2020 00:00:00,QUIRK KATHLEEN L,4,A-Award,--D,388.465,3337.153,1,0001200809,Phantom Stock (Deferred Compensation)
A,12/15/2020 00:00:00,FANNING THOMAS A,4,A-Award,--D,388.465,6090.493,1,0001227464,Phantom Stock (Deferred Compensation)
A,12/15/2020 00:00:00,STYSLINGER LEE J III,4,A-Award,--D,388.465,9019.561,1,0001256896,Phantom Stock (Deferred Compensation)
D,11/10/2020 00:00:00,Perkins Jerry F Jr,4,S-Sale,--D,3000,5220,1,0001667316,Common Stock
D,10/01/2020 00:00:00,Hill J Thomas,4,M-Exempt,--D,4900,0,4,0001564533,Stock Appreciation Right
D,10/01/2020 00:00:00,Hill J Thomas,4,F-InKind,--D,3051,105739.665,2,0001564533,Common Stock
A,10/01/2020 00:00:00,Hill J Thomas,4,M-Exempt,--D,4900,108790.665,1,0001564533,Common Stock
D,08/12/2020 00:00:00,Pigg Randy L.,4,M-Exempt,--D,630,0,4,0001737603,Stock Appreciation Right
D,08/12/2020 00:00:00,Pigg Randy L.,4,F-InKind,--D,331,1110,2,0001737603,Common Stock
A,08/12/2020 00:00:00,Pigg Randy L.,4,M-Exempt,--D,630,1441,1,0001737603,Common Stock
A,06/15/2020 00:00:00,QUIRK KATHLEEN L,4,A-Award,--D,683.807,2933.693,1,0001200809,Phantom Stock (Deferred Compensation)
A,06/15/2020 00:00:00,FANNING THOMAS A,4,A-Award,--D,683.807,5673.032,1,0001227464,Phantom Stock (Deferred Compensation)
A,06/15/2020 00:00:00,STYSLINGER LEE J III,4,A-Award,--D,592.633,8587.204,1,0001256896,Phantom Stock (Deferred Compensation)
A,06/15/2020 00:00:00,STEINER DAVID P,4,A-Award,--D,638.22,3450.637,1,0001197040,Phantom Stock (Deferred Compensation)
A,05/08/2020 00:00:00,OBRIEN RICHARD T,4,A-Award,--D,1485,1485,1,0001179997,Restricted Stock Units
A,05/08/2020 00:00:00,STYSLINGER LEE J III,4,A-Award,--D,1485,1485,1,0001256896,Restricted Stock Units
A,05/08/2020 00:00:00,Hostetler Cynthia Lynn,4,A-Award,--D,1485,1485,1,0001547404,Restricted Stock Units
A,05/08/2020 00:00:00,FANNING THOMAS A,4,A-Award,--D,1485,1485,1,0001227464,Restricted Stock Units
A,05/08/2020 00:00:00,Anderson Melissa H.,4,A-Award,--D,1485,1485,1,0001631925,Restricted Stock Units
A,05/08/2020 00:00:00,Willis George,4,A-Award,--D,1485,1485,1,0001739314,Restricted Stock Units
A,05/08/2020 00:00:00,STEINER DAVID P,4,A-Award,--D,1485,1485,1,0001197040,Restricted Stock Units
A,05/08/2020 00:00:00,PROKOPANKO JAMES T,4,A-Award,--D,1485,1485,1,0001301456,Restricted Stock Units
A,05/08/2020 00:00:00,QUIRK KATHLEEN L,4,A-Award,--D,1485,1485,1,0001200809,Restricted Stock Units
A,05/08/2020 00:00:00,HALL GRAYSON,4,A-Award,--D,1485,1485,1,0001217173,Restricted Stock Units
A,03/17/2020 00:00:00,STEINER DAVID P,4,P-Purchase,--D,5000,5000,1,0001197040,Common Stock
A,02/21/2020 00:00:00,Franklin Denson N. III,4,A-Award,--D,3900,3900,3,0001793654,Stock Appreciation Right
A,02/21/2020 00:00:00,Franklin Denson N. III,4,A-Award,--D,1200,1200,2,0001793654,Restricted Stock Units
A,02/21/2020 00:00:00,Franklin Denson N. III,4,A-Award,--D,3600,3600,1,0001793654,Performance Share Units
A,02/21/2020 00:00:00,Pigg Randy L.,4,A-Award,--D,400,400,2,0001737603,Restricted Stock Units
A,02/21/2020 00:00:00,Pigg Randy L.,4,A-Award,--D,400,400,1,0001737603,Performance Share Units
A,02/21/2020 00:00:00,Wood Suzanne H,4,A-Award,--D,7500,7500,3,0001749902,Stock Appreciation Right
A,02/21/2020 00:00:00,Wood Suzanne H,4,A-Award,--D,2300,2300,2,0001749902,Restricted Stock Units
A,02/21/2020 00:00:00,Wood Suzanne H,4,A-Award,--D,6900,6900,1,0001749902,Performance Share Units
A,02/21/2020 00:00:00,BAKER THOMPSON S II,4,A-Award,--D,7400,7400,3,0001190090,Stock Appreciation Right
A,02/21/2020 00:00:00,BAKER THOMPSON S II,4,A-Award,--D,2200,2200,2,0001190090,Restricted Stock Units
A,02/21/2020 00:00:00,BAKER THOMPSON S II,4,A-Award,--D,6700,6700,1,0001190090,Performance Share Units
A,02/21/2020 00:00:00,Bass Stanley G,4,A-Award,--D,6400,6400,3,0001564578,Stock Appreciation Right
A,02/21/2020 00:00:00,Bass Stanley G,4,A-Award,--D,1900,1900,2,0001564578,Restricted Stock Units
A,02/21/2020 00:00:00,Bass Stanley G,4,A-Award,--D,5800,5800,1,0001564578,Performance Share Units
A,02/21/2020 00:00:00,Hill J Thomas,4,A-Award,--D,27000,27000,3,0001564533,Stock Appreciation Right
A,02/21/2020 00:00:00,Hill J Thomas,4,A-Award,--D,8200,8200,2,0001564533,Restricted Stock Units
A,02/21/2020 00:00:00,Hill J Thomas,4,A-Award,--D,24700,24700,1,0001564533,Performance Share Units
D,02/14/2020 00:00:00,Pigg Randy L.,4,M-Exempt,--D,220,0,6,0001737603,Performance Share Units
D,02/14/2020 00:00:00,Pigg Randy L.,4,M-Exempt,--D,340,0,5,0001737603,Performance Share Units
D,02/14/2020 00:00:00,Pigg Randy L.,4,F-InKind,--D,200,811,3,0001737603,Common Stock
A,02/14/2020 00:00:00,Pigg Randy L.,4,M-Exempt,--D,199,1011,2,0001737603,Common Stock
A,02/14/2020 00:00:00,Pigg Randy L.,4,M-Exempt,--D,447,812,1,0001737603,Common Stock
D,02/14/2020 00:00:00,Hill J Thomas,4,M-Exempt,--D,23900,0,6,0001564533,Performance Share Units
A,02/14/2020 00:00:00,Hill J Thomas,4,M-Exempt,--D,40901,46690.19,5,0001564533,Phantom Stock (Deferred Comp DSUs/PSUs)
D,02/14/2020 00:00:00,Hill J Thomas,4,M-Exempt,--D,32200,0,4,0001564533,Performance Share Units
D,02/14/2020 00:00:00,Hill J Thomas,4,F-InKind,--D,8808,103890.665,2,0001564533,Common Stock
A,02/14/2020 00:00:00,Hill J Thomas,4,M-Exempt,--D,21725,112698.665,1,0001564533,Common Stock
D,02/14/2020 00:00:00,BAKER THOMPSON S II,4,M-Exempt,--D,5500,0,7,0001190090,Performance Share Units
D,02/14/2020 00:00:00,BAKER THOMPSON S II,4,F-InKind,--D,1244,3755,2,0001190090,Common Stock
A,02/14/2020 00:00:00,BAKER THOMPSON S II,4,M-Exempt,--D,4999,4999,1,0001190090,Common Stock
A,02/14/2020 00:00:00,Bass Stanley G,4,M-Exempt,--D,6070,40486.95,4,0001564578,Phantom Stock (Deferred Comp DSUs/PSUs)
D,02/14/2020 00:00:00,Bass Stanley G,4,M-Exempt,--D,6900,0,3,0001564578,Performance Share Units
A,02/14/2020 00:00:00,Bass Stanley G,4,M-Exempt,--D,11780,34416.95,2,0001564578,Phantom Stock (Deferred Comp DSUs/PSUs)
D,02/14/2020 00:00:00,Bass Stanley G,4,M-Exempt,--D,9300,0,1,0001564578,Performance Share Units
D,02/12/2020 00:00:00,Pigg Randy L.,4,M-Exempt,--D,340,0,4,0001737603,Restricted Stock Units
D,02/12/2020 00:00:00,Pigg Randy L.,4,F-InKind,--D,118,365,2,0001737603,Common Stock
A,02/12/2020 00:00:00,Pigg Randy L.,4,M-Exempt,--D,340,483,1,0001737603,Common Stock
D,02/10/2020 00:00:00,Pigg Randy L.,4,M-Exempt,--D,220,0,4,0001737603,Restricted Stock Units
D,02/10/2020 00:00:00,Pigg Randy L.,4,F-InKind,--D,77,143,2,0001737603,Common Stock
A,02/10/2020 00:00:00,Pigg Randy L.,4,M-Exempt,--D,220,220,1,0001737603,Common Stock
A,12/13/2019 00:00:00,STYSLINGER LEE J III,4,A-Award,--D,388.52,7948.119,1,0001256896,Phantom Stock (Deferred Compensation)
A,12/13/2019 00:00:00,WILSON D MICHAEL,4,A-Award,--D,388.52,388.52,1,0001262280,Phantom Stock (Deferred Compensation)
A,12/13/2019 00:00:00,QUIRK KATHLEEN L,4,A-Award,--D,388.52,2236.813,1,0001200809,Phantom Stock (Deferred Compensation)
A,12/13/2019 00:00:00,STEINER DAVID P,4,A-Award,--D,388.52,2796.075,1,0001197040,Phantom Stock (Deferred Compensation)
A,12/13/2019 00:00:00,FANNING THOMAS A,4,A-Award,--D,388.52,4960.235,1,0001227464,Phantom Stock (Deferred Compensation)
A,12/02/2019 00:00:00,Franklin Denson N. III,4,A-Award,--D,3000,3000,1,0001793654,Restricted Stock Units
D,11/19/2019 00:00:00,Pigg Randy L.,4,S-Sale,--D,643,0,1,0001737603,Common Stock
D,09/24/2019 00:00:00,Bass Stanley G,4,S-Sale,--D,2184,28262.6917,3,0001564578,Common Stock
D,09/20/2019 00:00:00,Bass Stanley G,4,M-Exempt,--D,7000,0,5,0001564578,Stock Appreciation Right
D,09/20/2019 00:00:00,Bass Stanley G,4,F-InKind,--D,4816,30446.6917,2,0001564578,Common Stock
A,09/20/2019 00:00:00,Bass Stanley G,4,M-Exempt,--D,7000,35262.6917,1,0001564578,Common Stock
D,09/11/2019 00:00:00,Bass Stanley G,4,S-Sale,--D,2406,28262.6917,3,0001564578,Common Stock
D,09/09/2019 00:00:00,Bass Stanley G,4,M-Exempt,--D,7000,0,5,0001564578,Stock Appreciation Right
D,09/09/2019 00:00:00,Bass Stanley G,4,F-InKind,--D,4594,30668.6917,2,0001564578,Common Stock
A,09/09/2019 00:00:00,Bass Stanley G,4,M-Exempt,--D,7000,35262.6917,1,0001564578,Common Stock
D,08/02/2019 00:00:00,Bass Stanley G,4,S-Sale,--D,6207,28262.6917,4,0001564578,Common Stock
D,08/02/2019 00:00:00,Mills Michael R,4,S-Sale,--D,2147,48213,3,0001561649,Common Stock
D,07/31/2019 00:00:00,Bass Stanley G,4,M-Exempt,--D,9300,0,7,0001564578,Stock Appreciation Right
D,07/31/2019 00:00:00,Bass Stanley G,4,M-Exempt,--D,5600,0,6,0001564578,Stock Appreciation Right
D,07/31/2019 00:00:00,Bass Stanley G,4,F-InKind,--D,8693,34469.6917,3,0001564578,Common Stock
A,07/31/2019 00:00:00,Bass Stanley G,4,M-Exempt,--D,5600,43162.6917,2,0001564578,Common Stock
A,07/31/2019 00:00:00,Bass Stanley G,4,M-Exempt,--D,9300,37562.6917,1,0001564578,Common Stock
D,07/31/2019 00:00:00,Hill J Thomas,4,M-Exempt,--D,3100,0,4,0001564533,Stock Appreciation Right
D,07/31/2019 00:00:00,Hill J Thomas,4,F-InKind,--D,1905,90973.665,2,0001564533,Common Stock
A,07/31/2019 00:00:00,Hill J Thomas,4,M-Exempt,--D,3100,92878.665,1,0001564533,Common Stock
D,07/31/2019 00:00:00,Mills Michael R,4,M-Exempt,--D,5600,0,5,0001561649,Stock Appreciation Right
D,07/31/2019 00:00:00,Mills Michael R,4,F-InKind,--D,3453,50360,2,0001561649,Common Stock
A,07/31/2019 00:00:00,Mills Michael R,4,M-Exempt,--D,5600,53813,1,0001561649,Common Stock
A,06/14/2019 00:00:00,QUIRK KATHLEEN L,4,A-Award,--D,423.504,1840.163,1,0001200809,Phantom Stock (Deferred Compensation)
A,06/14/2019 00:00:00,STYSLINGER LEE J III,4,A-Award,--D,500.504,7526.349,1,0001256896,Phantom Stock (Deferred Compensation)
A,06/14/2019 00:00:00,FANNING THOMAS A,4,A-Award,--D,577.505,4551.607,1,0001227464,Phantom Stock (Deferred Compensation)
A,06/14/2019 00:00:00,STEINER DAVID P,4,A-Award,--D,539.005,2396.966,1,0001197040,Phantom Stock (Deferred Compensation)
D,06/11/2019 00:00:00,Mills Michael R,4,S-Sale,--D,1326,48213,3,0001561649,Common Stock
D,06/10/2019 00:00:00,Pigg Randy L.,4,S-Sale,--D,1171,643,4,0001737603,Common Stock
D,06/10/2019 00:00:00,Pigg Randy L.,4,S-Sale,--D,583,1814,3,0001737603,Common Stock
D,06/07/2019 00:00:00,Mills Michael R,4,M-Exempt,--D,3500,0,5,0001561649,Stock Appreciation Right
D,06/07/2019 00:00:00,Mills Michael R,4,F-InKind,--D,2174,49539,2,0001561649,Common Stock
A,06/07/2019 00:00:00,Mills Michael R,4,M-Exempt,--D,3500,51713,1,0001561649,Common Stock
D,06/07/2019 00:00:00,Hill J Thomas,4,M-Exempt,--D,3100,3100,4,0001564533,Stock Appreciation Right
D,06/07/2019 00:00:00,Hill J Thomas,4,F-InKind,--D,1925,89778.665,2,0001564533,Common Stock
A,06/07/2019 00:00:00,Hill J Thomas,4,M-Exempt,--D,3100,91703.665,1,0001564533,Common Stock
D,06/06/2019 00:00:00,Mills Michael R,4,I-Discretionary,--D,5935.88,4540.37,1,0001561649,Common Stock (401k)
D,06/06/2019 00:00:00,Pigg Randy L.,4,M-Exempt,--D,1220,0,6,0001737603,Stock Appreciation Right
D,06/06/2019 00:00:00,Pigg Randy L.,4,F-InKind,--D,637,2397,2,0001737603,Common Stock
A,06/06/2019 00:00:00,Pigg Randy L.,4,M-Exempt,--D,1220,3034,1,0001737603,Common Stock
A,05/10/2019 00:00:00,FANNING THOMAS A,4,A-Award,--D,1165,6640.74,1,0001227464,Deferred Stock Units
A,05/10/2019 00:00:00,OBRIEN RICHARD T,4,A-Award,--D,1165,19243.42,1,0001179997,Deferred Stock Units
A,05/10/2019 00:00:00,QUIRK KATHLEEN L,4,A-Award,--D,1165,2357,1,0001200809,Deferred Stock Units
A,05/10/2019 00:00:00,HALL GRAYSON,4,A-Award,--D,1165,8773.41,1,0001217173,Deferred Stock Units
A,05/10/2019 00:00:00,Hostetler Cynthia Lynn,4,A-Award,--D,1165,6640.74,1,0001547404,Deferred Stock Units
A,05/10/2019 00:00:00,STEINER DAVID P,4,A-Award,--D,1165,3536.3,1,0001197040,Deferred Stock Units
A,05/10/2019 00:00:00,PROKOPANKO JAMES T,4,A-Award,--D,1165,17106.32,1,0001301456,Deferred Stock Units
A,05/10/2019 00:00:00,STYSLINGER LEE J III,4,A-Award,--D,1165,10483.84,1,0001256896,Deferred Stock Units
D,03/07/2019 00:00:00,Clement David P,4,S-Sale,--D,2789,4340,1,0001587528,Common Stock
A,02/19/2019 00:00:00,Perkins Jerry F Jr,4,A-Award,--D,2100,2100,3,0001667316,Stock Appreciation Right
A,02/19/2019 00:00:00,Perkins Jerry F Jr,4,A-Award,--D,700,700,2,0001667316,Restricted Stock Units
A,02/19/2019 00:00:00,Perkins Jerry F Jr,4,A-Award,--D,2200,2200,1,0001667316,Performance Share Units
A,02/19/2019 00:00:00,BAKER THOMPSON S II,4,A-Award,--D,6500,6500,3,0001190090,Stock Appreciation Right
A,02/19/2019 00:00:00,BAKER THOMPSON S II,4,A-Award,--D,2200,2200,2,0001190090,Restricted Stock Units
A,02/19/2019 00:00:00,BAKER THOMPSON S II,4,A-Award,--D,6700,6700,1,0001190090,Performance Share Units
A,02/19/2019 00:00:00,Wood Suzanne H,4,A-Award,--D,7600,7600,3,0001749902,Stock Appreciation Right
A,02/19/2019 00:00:00,Wood Suzanne H,4,A-Award,--D,2600,2600,2,0001749902,Restricted Stock Units
A,02/19/2019 00:00:00,Wood Suzanne H,4,A-Award,--D,7900,7900,1,0001749902,Performance Share Units
A,02/19/2019 00:00:00,Mills Michael R,4,A-Award,--D,6300,6300,3,0001561649,Stock Appreciation Right
A,02/19/2019 00:00:00,Mills Michael R,4,A-Award,--D,2200,2200,2,0001561649,Restricted Stock Units
A,02/19/2019 00:00:00,Mills Michael R,4,A-Award,--D,6500,6500,1,0001561649,Performance Share Units
A,02/19/2019 00:00:00,Bass Stanley G,4,A-Award,--D,5900,5900,3,0001564578,Stock Appreciation Right
A,02/19/2019 00:00:00,Bass Stanley G,4,A-Award,--D,2000,2000,2,0001564578,Restricted Stock Units
A,02/19/2019 00:00:00,Bass Stanley G,4,A-Award,--D,6000,6000,1,0001564578,Performance Share Units
A,02/19/2019 00:00:00,Hill J Thomas,4,A-Award,--D,26100,26100,3,0001564533,Stock Appreciation Right
A,02/19/2019 00:00:00,Hill J Thomas,4,A-Award,--D,9000,9000,2,0001564533,Restricted Stock Units
A,02/19/2019 00:00:00,Hill J Thomas,4,A-Award,--D,27000,27000,1,0001564533,Performance Share Units
A,02/19/2019 00:00:00,Clement David P,4,A-Award,--D,2500,2500,3,0001587528,Stock Appreciation Right
A,02/19/2019 00:00:00,Clement David P,4,A-Award,--D,800,800,2,0001587528,Restricted Stock Units
A,02/19/2019 00:00:00,Clement David P,4,A-Award,--D,2500,2500,1,0001587528,Performance Share Units
A,02/19/2019 00:00:00,Lodge C. Brock Jr.,4,A-Award,--D,1500,1500,3,0001667338,Stock Appreciation Right
A,02/19/2019 00:00:00,Lodge C. Brock Jr.,4,A-Award,--D,500,500,2,0001667338,Restricted Stock Units
A,02/19/2019 00:00:00,Lodge C. Brock Jr.,4,A-Award,--D,1600,1600,1,0001667338,Performance Share Units
A,02/19/2019 00:00:00,Pigg Randy L.,4,A-Award,--D,470,470,2,0001737603,Restricted Stock Units
A,02/19/2019 00:00:00,Pigg Randy L.,4,A-Award,--D,470,470,1,0001737603,Performance Share Units
A,02/12/2019 00:00:00,Bass Stanley G,4,M-Exempt,--D,13534,13534,2,0001564578,Phantom Stock (Deferred Comp Retention Grant)
D,02/12/2019 00:00:00,Bass Stanley G,4,M-Exempt,--D,14000,0,1,0001564578,Retention Grant
A,02/08/2019 00:00:00,Bass Stanley G,4,M-Exempt,--D,8893,8893,2,0001564578,Phantom Stock (Deferred Comp DSUs/PSUs)
D,02/08/2019 00:00:00,Bass Stanley G,4,M-Exempt,--D,6200,0,1,0001564578,Performance Share Units
A,02/08/2019 00:00:00,Clement David P,4,M-Exempt,--D,4768,4768,2,0001587528,Phantom Stock (Deferred Comp DSUs/PSUs)
D,02/08/2019 00:00:00,Clement David P,4,M-Exempt,--D,3300,0,1,0001587528,Performance Share Units
D,02/08/2019 00:00:00,Hill J Thomas,4,M-Exempt,--D,30900,0,4,0001564533,Performance Share Units
D,02/08/2019 00:00:00,Hill J Thomas,4,F-InKind,--D,19702,88603.665,2,0001564533,Common Stock
A,02/08/2019 00:00:00,Hill J Thomas,4,M-Exempt,--D,46041,108305.665,1,0001564533,Common Stock
D,02/08/2019 00:00:00,Mills Michael R,4,M-Exempt,--D,7100,0,4,0001561649,Performance Share Units
D,02/08/2019 00:00:00,Mills Michael R,4,F-InKind,--D,3257,48213,2,0001561649,Common Stock
A,02/08/2019 00:00:00,Mills Michael R,4,M-Exempt,--D,10579,51470,1,0001561649,Common Stock
D,02/08/2019 00:00:00,Perkins Jerry F Jr,4,M-Exempt,--D,1010,0,4,0001667316,Common Stock
D,02/08/2019 00:00:00,Perkins Jerry F Jr,4,F-InKind,--D,439,7489,2,0001667316,Common Stock
A,02/08/2019 00:00:00,Perkins Jerry F Jr,4,M-Exempt,--D,1505,7928,1,0001667316,Common Stock
D,02/08/2019 00:00:00,Pigg Randy L.,4,M-Exempt,--D,660,0,4,0001737603,Performance Share Units
D,02/08/2019 00:00:00,Pigg Randy L.,4,F-InKind,--D,341,1814,2,0001737603,Common Stock
A,02/08/2019 00:00:00,Pigg Randy L.,4,M-Exempt,--D,984,2155,1,0001737603,Common Stock
D,02/08/2019 00:00:00,Lodge C. Brock Jr.,4,M-Exempt,--D,1510,0,4,0001667338,Performance Share Units
D,02/08/2019 00:00:00,Lodge C. Brock Jr.,4,F-InKind,--D,833,2815,2,0001667338,Common Stock
A,02/08/2019 00:00:00,Lodge C. Brock Jr.,4,M-Exempt,--D,2250,3648,1,0001667338,Common Stock
D,01/29/2019 00:00:00,Bass Stanley G,4,M-Exempt,--D,10903.6917,0,4,0001564578,Phantom Stock (Deferred Comp DSUs/PSUs)
D,01/29/2019 00:00:00,Bass Stanley G,4,F-InKind,--D,4580,28262.6917,2,0001564578,Common Stock
A,01/29/2019 00:00:00,Bass Stanley G,4,M-Exempt,--D,10903.6917,32842.6917,1,0001564578,Common Stock
D,01/29/2019 00:00:00,Hill J Thomas,4,M-Exempt,--D,9285,0,4,0001564533,Stock Appreciation Right
D,01/29/2019 00:00:00,Hill J Thomas,4,F-InKind,--D,5823,62264.665,2,0001564533,Common Stock
A,01/29/2019 00:00:00,Hill J Thomas,4,M-Exempt,--D,9285,68087.665,1,0001564533,Common Stock
D,01/23/2019 00:00:00,Perkins Jerry F Jr,4,M-Exempt,--D,2370,0,4,0001667316,Stock Appreciation Right
D,01/23/2019 00:00:00,Perkins Jerry F Jr,4,F-InKind,--D,1544,6423,2,0001667316,Common Stock
A,01/23/2019 00:00:00,Perkins Jerry F Jr,4,M-Exempt,--D,2370,7967,1,0001667316,Common Stock
D,01/22/2019 00:00:00,Clement David P,4,M-Exempt,--D,1510,0,4,0001587528,Stock Appreciation Right
D,01/22/2019 00:00:00,Clement David P,4,F-InKind,--D,889,7129,2,0001587528,Common Stock
A,01/22/2019 00:00:00,Clement David P,4,M-Exempt,--D,1510,8018,1,0001587528,Common Stock
D,01/08/2019 00:00:00,Clement David P,4,M-Exempt,--D,3010,1510,4,0001587528,Stock Appreciation Right
D,01/08/2019 00:00:00,Clement David P,4,F-InKind,--D,1842,6508,2,0001587528,Common Stock
A,01/08/2019 00:00:00,Clement David P,4,M-Exempt,--D,3010,8350,1,0001587528,Common Stock
A,12/14/2018 00:00:00,QUIRK KATHLEEN L,4,A-Award,--D,529.646,1409.325,1,0001200809,Phantom Stock (Deferred Compensation)
A,12/14/2018 00:00:00,STEINER DAVID P,4,A-Award,--D,529.646,1848.343,1,0001197040,Phantom Stock (Deferred Compensation)
A,12/14/2018 00:00:00,FANNING THOMAS A,4,A-Award,--D,529.646,3953.528,1,0001227464,Phantom Stock (Deferred Compensation)
A,12/14/2018 00:00:00,STYSLINGER LEE J III,4,A-Award,--D,529.646,6989.473,1,0001256896,Phantom Stock (Deferred Compensation)
A,11/06/2018 00:00:00,Hill J Thomas,4,P-Purchase,--D,555,58802.665,3,0001564533,Common Stock
A,11/06/2018 00:00:00,Hill J Thomas,4,P-Purchase,--D,900,58247.665,2,0001564533,Common Stock
A,11/06/2018 00:00:00,Hill J Thomas,4,P-Purchase,--D,500,57347.665,1,0001564533,Common Stock
A,09/04/2018 00:00:00,Wood Suzanne H,4,A-Award,--D,3500,3500,1,0001749902,Restricted Stock Unit
A,06/15/2018 00:00:00,QUIRK KATHLEEN L,4,A-Award,--D,425.858,875.14,1,0001200809,Phantom Stock (Deferred Compensation)
A,06/15/2018 00:00:00,STEINER DAVID P,4,A-Award,--D,425.858,1311.9,1,0001197040,Phantom Stock (Deferred Compensation)
A,06/15/2018 00:00:00,FANNING THOMAS A,4,A-Award,--D,425.858,3406.23,1,0001227464,Phantom Stock (Deferred Compensation)
A,06/15/2018 00:00:00,STYSLINGER LEE J III,4,A-Award,--D,425.858,6426.535,1,0001256896,Phantom Stock (Deferred Compensation)
D,06/11/2018 00:00:00,McPherson John R,4,S-Sale,--D,21618,52610,3,0001531183,Common Stock
D,06/11/2018 00:00:00,Bass Stanley G,4,S-Sale,--D,4109,21939,3,0001564578,Common Stock
D,06/07/2018 00:00:00,McPherson John R,4,M-Exempt,--D,50000,255600,5,0001531183,Stock Appreciation Right
D,06/07/2018 00:00:00,McPherson John R,4,F-InKind,--D,28382,74228,2,0001531183,Common Stock
A,06/07/2018 00:00:00,McPherson John R,4,M-Exempt,--D,50000,102610,1,0001531183,Common Stock
D,06/07/2018 00:00:00,Bass Stanley G,4,M-Exempt,--D,9630,0,5,0001564578,Stock Appreciation Right
D,06/07/2018 00:00:00,Bass Stanley G,4,F-InKind,--D,5521,26048,2,0001564578,Common Stock
A,06/07/2018 00:00:00,Bass Stanley G,4,M-Exempt,--D,9630,31569,1,0001564578,Common Stock
A,05/11/2018 00:00:00,Wilson-Thompson Kathleen,4,A-Award,--D,1180,15780.89,1,0001331680,Deferred Stock Units
A,05/11/2018 00:00:00,STYSLINGER LEE J III,4,A-Award,--D,1180,9225.05,1,0001256896,Deferred Stock Units
A,05/11/2018 00:00:00,STEINER DAVID P,4,A-Award,--D,1180,2347.43,1,0001197040,Deferred Stock Units
A,05/11/2018 00:00:00,QUIRK KATHLEEN L,4,A-Award,--D,1180,1180,1,0001200809,Deferred Stock Units
A,05/11/2018 00:00:00,PROKOPANKO JAMES T,4,A-Award,--D,1180,15780.89,1,0001301456,Deferred Stock Units
A,05/11/2018 00:00:00,OBRIEN RICHARD T,4,A-Award,--D,1180,17896.48,1,0001179997,Deferred Stock Units
A,05/11/2018 00:00:00,Hostetler Cynthia Lynn,4,A-Award,--D,1180,5420.63,1,0001547404,Deferred Stock Units
A,05/11/2018 00:00:00,HALL GRAYSON,4,A-Award,--D,1180,7531.84,1,0001217173,Deferred Stock Units
A,05/11/2018 00:00:00,FANNING THOMAS A,4,A-Award,--D,1180,5420.63,1,0001227464,Deferred Stock Units
D,05/11/2018 00:00:00,McPherson John R,4,S-Sale,--D,21446,52610,3,0001531183,Common Stock
D,05/09/2018 00:00:00,McPherson John R,4,M-Exempt,--D,50000,305600,5,0001531183,Stock Appreciation Right
D,05/09/2018 00:00:00,McPherson John R,4,F-InKind,--D,28554,74056,2,0001531183,Common Stock
A,05/09/2018 00:00:00,McPherson John R,4,M-Exempt,--D,50000,102610,1,0001531183,Common Stock
D,05/04/2018 00:00:00,Clement David P,4,S-Sale,--D,1828,5340,1,0001587528,Common Stock
A,02/23/2018 00:00:00,Lodge C. Brock Jr.,4,A-Award,--D,1700,1700,4,0001667338,Stock Appreciation Right
A,02/23/2018 00:00:00,Lodge C. Brock Jr.,4,A-Award,--D,1700,1700,3,0001667338,Performance Share Units
A,02/23/2018 00:00:00,Teter Jason P,4,A-Award,--D,1800,1800,4,0001627941,Stock Appreciation Right
A,02/23/2018 00:00:00,Teter Jason P,4,A-Award,--D,1800,1800,3,0001627941,Performance Share Units
A,02/23/2018 00:00:00,Clement David P,4,A-Award,--D,1900,1900,4,0001587528,Stock Appreciation Right
A,02/23/2018 00:00:00,Clement David P,4,A-Award,--D,1900,1900,3,0001587528,Performance Share Units
A,02/23/2018 00:00:00,Perkins Jerry F Jr,4,A-Award,--D,2400,2400,4,0001667316,Stock Appreciation Right
A,02/23/2018 00:00:00,Perkins Jerry F Jr,4,A-Award,--D,2400,2400,3,0001667316,Performance Share Units
A,02/23/2018 00:00:00,Mills Michael R,4,A-Award,--D,6600,6600,4,0001561649,Stock Appreciation Right
A,02/23/2018 00:00:00,Mills Michael R,4,A-Award,--D,6600,6600,3,0001561649,Performance Share Units
A,02/23/2018 00:00:00,BAKER THOMPSON S II,4,A-Award,--D,6600,6600,6,0001190090,Stock Appreciation Right
A,02/23/2018 00:00:00,BAKER THOMPSON S II,4,A-Award,--D,6600,6600,5,0001190090,Performance Share Units
A,02/23/2018 00:00:00,Bass Stanley G,4,A-Award,--D,6600,6600,4,0001564578,Stock Appreciation Right
A,02/23/2018 00:00:00,Bass Stanley G,4,A-Award,--D,6600,6600,3,0001564578,Performance Share Units
A,02/23/2018 00:00:00,McPherson John R,4,A-Award,--D,14000,14000,4,0001531183,Stock Appreciation Right
A,02/23/2018 00:00:00,McPherson John R,4,A-Award,--D,14000,14000,3,0001531183,Performance Share Units
A,02/23/2018 00:00:00,Hill J Thomas,4,A-Award,--D,27200,27200,4,0001564533,Stock Appreciation Right
A,02/23/2018 00:00:00,Hill J Thomas,4,A-Award,--D,27200,27200,3,0001564533,Performance Share Units
A,02/23/2018 00:00:00,KHAN EJAZ A,4,A-Award,--D,1500,1500,4,0001204572,Stock Appreciation Right
A,02/23/2018 00:00:00,KHAN EJAZ A,4,A-Award,--D,1500,1500,3,0001204572,Performance Share Units
D,02/16/2018 00:00:00,KHAN EJAZ A,4,M-Exempt,--D,4650,0,4,0001204572,Stock Appreciation Right
D,02/16/2018 00:00:00,KHAN EJAZ A,4,F-InKind,--D,2983,36386,2,0001204572,Common Stock
A,02/16/2018 00:00:00,KHAN EJAZ A,4,M-Exempt,--D,4650,39369,1,0001204572,Common Stock
D,02/09/2018 00:00:00,Teter Jason P,4,M-Exempt,--D,1040,0,4,0001627941,Performance Share Units
D,02/09/2018 00:00:00,Teter Jason P,4,F-InKind,--D,528,2765,2,0001627941,Common Stock
A,02/09/2018 00:00:00,Teter Jason P,4,M-Exempt,--D,1664,3293,1,0001627941,Common Stock
D,02/09/2018 00:00:00,Perkins Jerry F Jr,4,M-Exempt,--D,1180,0,4,0001667316,Performance Share Units
D,02/09/2018 00:00:00,Perkins Jerry F Jr,4,F-InKind,--D,593,5597,2,0001667316,Common Stock
A,02/09/2018 00:00:00,Perkins Jerry F Jr,4,M-Exempt,--D,1888,6190,1,0001667316,Common Stock
D,02/09/2018 00:00:00,Mills Michael R,4,M-Exempt,--D,7200,0,4,0001561649,Performance Share Units
D,02/09/2018 00:00:00,Mills Michael R,4,F-InKind,--D,5110,40891,2,0001561649,Common Stock
A,02/09/2018 00:00:00,Mills Michael R,4,M-Exempt,--D,11520,46001,1,0001561649,Common Stock
D,02/09/2018 00:00:00,Lodge C. Brock Jr.,4,M-Exempt,--D,770,0,4,0001667338,Performance Share Units
D,02/09/2018 00:00:00,Lodge C. Brock Jr.,4,F-InKind,--D,472,1398,2,0001667338,Common Stock
A,02/09/2018 00:00:00,Lodge C. Brock Jr.,4,M-Exempt,--D,1232,1870,1,0001667338,Common Stock
D,02/09/2018 00:00:00,KHAN EJAZ A,4,M-Exempt,--D,6000,0,4,0001204572,Performance Share Units
D,02/09/2018 00:00:00,KHAN EJAZ A,4,F-InKind,--D,3865,34719,2,0001204572,Common Stock
A,02/09/2018 00:00:00,KHAN EJAZ A,4,M-Exempt,--D,9600,38584,1,0001204572,Common Stock
D,02/09/2018 00:00:00,Clement David P,4,M-Exempt,--D,3600,0,4,0001587528,Performance Share Units
D,02/09/2018 00:00:00,Clement David P,4,F-InKind,--D,1441,7168,2,0001587528,Common Stock
A,02/09/2018 00:00:00,Clement David P,4,M-Exempt,--D,5760,8609,1,0001587528,Common Stock
A,02/09/2018 00:00:00,Bass Stanley G,4,M-Exempt,--D,10798,10798,2,0001564578,Phantom Stock (Deferred Comp DSUs/PSUs)
D,02/09/2018 00:00:00,Bass Stanley G,4,M-Exempt,--D,7000,0,1,0001564578,Performance Share Units
D,02/09/2018 00:00:00,McPherson John R,4,M-Exempt,--D,12500,0,4,0001531183,Performance Share Units
D,02/09/2018 00:00:00,McPherson John R,4,F-InKind,--D,7659,52610,2,0001531183,Common Stock
A,02/09/2018 00:00:00,McPherson John R,4,M-Exempt,--D,20000,60269,1,0001531183,Common Stock
D,02/09/2018 00:00:00,Hill J Thomas,4,M-Exempt,--D,12500,0,4,0001564533,Performance Share Units
D,02/09/2018 00:00:00,Hill J Thomas,4,F-InKind,--D,7865,56847.665,2,0001564533,Common Stock
A,02/09/2018 00:00:00,Hill J Thomas,4,M-Exempt,--D,20000,64712.665,1,0001564533,Common Stock
D,01/29/2018 00:00:00,KHAN EJAZ A,4,M-Exempt,--D,4500,4650,4,0001204572,Stock Appreciation Right
D,01/29/2018 00:00:00,KHAN EJAZ A,4,F-InKind,--D,2391,28984,2,0001204572,Common Stock
A,01/29/2018 00:00:00,KHAN EJAZ A,4,M-Exempt,--D,4500,31375,1,0001204572,Common Stock
D,01/17/2018 00:00:00,Mills Michael R,4,S-Sale,--D,3738,34481,3,0001561649,Common Stock
D,01/12/2018 00:00:00,Mills Michael R,4,M-Exempt,--D,10100,0,5,0001561649,Stock Appreciation Right
D,01/12/2018 00:00:00,Mills Michael R,4,F-InKind,--D,6362,38219,2,0001561649,Common Stock
A,01/12/2018 00:00:00,Mills Michael R,4,M-Exempt,--D,10100,44581,1,0001561649,Common Stock
D,01/12/2018 00:00:00,Hill J Thomas,4,M-Exempt,--D,2880,0,4,0001564533,Stock Appreciation Right
D,01/12/2018 00:00:00,Hill J Thomas,4,F-InKind,--D,1956,44712.665,2,0001564533,Common Stock
A,01/12/2018 00:00:00,Hill J Thomas,4,M-Exempt,--D,2880,46668.665,1,0001564533,Common Stock
D,01/10/2018 00:00:00,KHAN EJAZ A,4,M-Exempt,--D,3000,9150,4,0001204572,Stock Appreciation Right
D,01/10/2018 00:00:00,KHAN EJAZ A,4,F-InKind,--D,1736,26875,2,0001204572,Common Stock
A,01/10/2018 00:00:00,KHAN EJAZ A,4,M-Exempt,--D,3000,28611,1,0001204572,Common Stock
D,01/05/2018 00:00:00,Mills Michael R,4,S-Sale,--D,4659,34481,3,0001561649,Common Stock
D,01/03/2018 00:00:00,Mills Michael R,4,M-Exempt,--D,10870,0,5,0001561649,Stock Appreciation Right
D,01/03/2018 00:00:00,Mills Michael R,4,F-InKind,--D,6211,39140,2,0001561649,Common Stock
A,01/03/2018 00:00:00,Mills Michael R,4,M-Exempt,--D,10870,45351,1,0001561649,Common Stock
D,12/29/2017 00:00:00,KHAN EJAZ A,4,G-Gift,-ED,972,25611,1,0001204572,Common Stock
D,12/20/2017 00:00:00,Mills Michael R,4,M-Exempt,--D,20000,0,4,0001561649,Retention Grant
D,12/20/2017 00:00:00,Mills Michael R,4,F-InKind,--D,9390,34481,2,0001561649,Common Stock
A,12/20/2017 00:00:00,Mills Michael R,4,M-Exempt,--D,20000,43871,1,0001561649,Common Stock
D,12/20/2017 00:00:00,McPherson John R,4,M-Exempt,--D,20000,0,4,0001531183,Retention Grant
D,12/20/2017 00:00:00,McPherson John R,4,F-InKind,--D,9390,40269,2,0001531183,Common Stock
A,12/20/2017 00:00:00,McPherson John R,4,M-Exempt,--D,20000,49659,1,0001531183,Common Stock
D,12/20/2017 00:00:00,Hill J Thomas,4,M-Exempt,--D,20000,0,4,0001564533,Retention Grant
D,12/20/2017 00:00:00,Hill J Thomas,4,F-InKind,--D,9390,43788.665,2,0001564533,Common Stock
A,12/20/2017 00:00:00,Hill J Thomas,4,M-Exempt,--D,20000,53178.665,1,0001564533,Common Stock
A,12/15/2017 00:00:00,HALL GRAYSON,4,A-Award,--D,453.048,4432.097,1,0001217173,Phantom Stock (Deferred Compensation)
A,12/15/2017 00:00:00,QUIRK KATHLEEN L,4,A-Award,--D,453.048,453.048,1,0001200809,Phantom Stock (Deferred Compensation)
A,12/15/2017 00:00:00,STEINER DAVID P,4,A-Award,--D,453.048,887.86,1,0001197040,Phantom Stock (Deferred Compensation)
A,12/15/2017 00:00:00,FANNING THOMAS A,4,A-Award,--D,453.048,2972.877,1,0001227464,Phantom Stock (Deferred Compensation)
A,12/15/2017 00:00:00,STYSLINGER LEE J III,4,A-Award,--D,453.048,5979.738,1,0001256896,Phantom Stock (Deferred Compensation)
D,12/14/2017 00:00:00,Clement David P,4,M-Exempt,--D,1890,0,4,0001587528,Stock Appreciation Right
D,12/14/2017 00:00:00,Clement David P,4,F-InKind,--D,1306,2849,2,0001587528,Common Stock
A,12/14/2017 00:00:00,Clement David P,4,M-Exempt,--D,1890,4155,1,0001587528,Common Stock
D,09/13/2017 00:00:00,Mills Michael R,4,S-Sale,--D,981,23871,1,0001561649,Common Stock
D,09/11/2017 00:00:00,Mills Michael R,4,M-Exempt,--D,4425,0,4,0001561649,Stock Appreciation Right
D,09/11/2017 00:00:00,Mills Michael R,4,F-InKind,--D,3444,24852,2,0001561649,Common Stock
A,09/11/2017 00:00:00,Mills Michael R,4,M-Exempt,--D,4425,28296,1,0001561649,Common Stock
D,09/01/2017 00:00:00,Pasley David B.,4,S-Sale,--D,1250,2857,1,0001667189,Common Stock
D,06/16/2017 00:00:00,KHAN EJAZ A,4,G-Gift,--D,411,26583,1,0001204572,Common Stock
A,06/15/2017 00:00:00,Wilson-Thompson Kathleen,4,A-Award,--D,1160,14507.935,1,0001331680,Deferred Stock Units
A,06/15/2017 00:00:00,STYSLINGER LEE J III,4,A-Award,--D,432.999,5503.647,3,0001256896,Phantom Stock (Deferred Compensation)
A,06/15/2017 00:00:00,STYSLINGER LEE J III,4,A-Award,--D,1160,7993.839,2,0001256896,Deferred Stock Units
A,06/15/2017 00:00:00,STEINER DAVID P,4,A-Award,--D,432.999,432.999,2,0001197040,Phantom Stock (Deferred Compensation)
A,06/15/2017 00:00:00,STEINER DAVID P,4,A-Award,--D,1160,1160,1,0001197040,Deferred Stock Units
A,06/15/2017 00:00:00,PROKOPANKO JAMES T,4,A-Award,--D,1160,14507.935,1,0001301456,Deferred Stock Units
A,06/15/2017 00:00:00,OBRIEN RICHARD T,4,A-Award,--D,1160,16610.372,1,0001179997,Deferred Stock Units
A,06/15/2017 00:00:00,Hostetler Cynthia Lynn,4,A-Award,--D,1160,4213.637,1,0001547404,Deferred Stock Units
A,06/15/2017 00:00:00,HALL GRAYSON,4,A-Award,--D,511.726,3962.459,2,0001217173,Phantom Stock (Deferred Compensation)
A,06/15/2017 00:00:00,HALL GRAYSON,4,A-Award,--D,1160,6311.407,1,0001217173,Deferred Stock Units
A,06/15/2017 00:00:00,FANNING THOMAS A,4,A-Award,--D,432.999,2509.323,2,0001227464,Phantom Stock (Deferred Compensation)
A,06/15/2017 00:00:00,FANNING THOMAS A,4,A-Award,--D,1160,4213.637,1,0001227464,Deferred Stock Units
D,06/14/2017 00:00:00,Bass Stanley G,4,S-Sale,--D,4413,21939,1,0001564578,Common Stock
D,06/14/2017 00:00:00,Perkins Jerry F Jr,4,S-Sale,--D,306,4680,3,0001667316,Common Stock
D,06/12/2017 00:00:00,Bass Stanley G,4,M-Exempt,--D,8940,9630,7,0001564578,Stock Appreciation Right
D,06/12/2017 00:00:00,Bass Stanley G,4,M-Exempt,--D,5760,0,6,0001564578,Stock Appreciation Right
D,06/12/2017 00:00:00,Bass Stanley G,4,F-InKind,--D,5925,26352,4,0001564578,Common Stock
D,06/12/2017 00:00:00,Bass Stanley G,4,F-InKind,--D,4362,32277,3,0001564578,Common Stock
A,06/12/2017 00:00:00,Bass Stanley G,4,M-Exempt,--D,5760,36639,2,0001564578,Common Stock
A,06/12/2017 00:00:00,Bass Stanley G,4,M-Exempt,--D,8940,30879,1,0001564578,Common Stock
D,06/12/2017 00:00:00,Perkins Jerry F Jr,4,F-InKind,--D,378,4302,1,0001667316,Common Stock
D,06/12/2017 00:00:00,Perkins Jerry F Jr,4,M-Exempt,--D,990,0,5,0001667316,Stock Appreciation Right
D,06/12/2017 00:00:00,Perkins Jerry F Jr,4,F-InKind,--D,306,4986,2,0001667316,Common Stock
A,06/12/2017 00:00:00,Perkins Jerry F Jr,4,M-Exempt,--D,990,5292,1,0001667316,Common Stock
D,06/06/2017 00:00:00,KHAN EJAZ A,4,S-Sale,--D,2024,26994,1,0001204572,Common Stock
D,06/02/2017 00:00:00,KHAN EJAZ A,4,M-Exempt,--D,6100,12150,4,0001204572,Stock Appreciation Right
D,06/02/2017 00:00:00,KHAN EJAZ A,4,F-InKind,--D,4076,29018,2,0001204572,Common Stock
A,06/02/2017 00:00:00,KHAN EJAZ A,4,M-Exempt,--D,6100,33094,1,0001204572,Common Stock
A,03/23/2017 00:00:00,Clement David P,4,A-Award,--D,332.7845,1465.8235,3,0001587528,Phantom Stock (Deferred Compensation)
A,03/13/2017 00:00:00,BAKER THOMPSON S II,4,A-Award,--D,5500,5500,5,0001190090,Stock Appreciation Right
A,03/13/2017 00:00:00,BAKER THOMPSON S II,4,A-Award,--D,5500,5500,4,0001190090,Performance Share Units
D,03/03/2017 00:00:00,KHAN EJAZ A,4,S-Sale,--D,1500,26994,1,0001204572,Common Stock
D,03/01/2017 00:00:00,Duke William K,4,I-Discretionary,--D,4033.9168,11381.4441,1,0001628118,Common Stock (401k)
A,02/10/2017 00:00:00,Teter Jason P,4,A-Award,--D,1700,1700,5,0001627941,Stock Appreciation Right
A,02/10/2017 00:00:00,Teter Jason P,4,A-Award,--D,1700,3700,4,0001627941,Performance Share Units
D,02/10/2017 00:00:00,Teter Jason P,4,M-Exempt,--D,1090,0,3,0001627941,Performance Share Units
A,02/10/2017 00:00:00,Teter Jason P,4,M-Exempt,--D,1069,1629,1,0001627941,Common Stock
A,02/10/2017 00:00:00,Thorpe S Martin,4,A-Award,--D,1400,1400,6,0001693065,Stock Appreciation Right
A,02/10/2017 00:00:00,Thorpe S Martin,4,A-Award,--D,1400,1860,5,0001693065,Performance Share Units
D,02/10/2017 00:00:00,Thorpe S Martin,4,M-Exempt,--D,570,0,4,0001693065,Performance Share Units
A,02/10/2017 00:00:00,Thorpe S Martin,4,M-Exempt,--D,528,2431,1,0001693065,Common Stock
A,02/10/2017 00:00:00,Hill J Thomas,4,A-Award,--D,23900,23900,5,0001564533,Stock Appreciation Right
A,02/10/2017 00:00:00,Hill J Thomas,4,A-Award,--D,23900,56100,4,0001564533,Performance Share Units
D,02/10/2017 00:00:00,Hill J Thomas,4,M-Exempt,--D,7000,0,3,0001564533,Performance Share Units
A,02/10/2017 00:00:00,Hill J Thomas,4,M-Exempt,--D,6769,33178.665,1,0001564533,Common Stock
A,02/10/2017 00:00:00,Perkins Jerry F Jr,4,A-Award,--D,2200,2200,5,0001667316,Stock Appreciation Right
A,02/10/2017 00:00:00,Perkins Jerry F Jr,4,A-Award,--D,2200,4700,4,0001667316,Performance Share Units
D,02/10/2017 00:00:00,Perkins Jerry F Jr,4,M-Exempt,--D,1230,0,3,0001667316,Performance Share Units
A,02/10/2017 00:00:00,Perkins Jerry F Jr,4,M-Exempt,--D,1210,4302,1,0001667316,Common Stock
A,02/10/2017 00:00:00,Pasley David B.,4,A-Award,--D,1500,1500,5,0001667189,Stock Appreciation Right
A,02/10/2017 00:00:00,Pasley David B.,4,A-Award,--D,1500,3400,4,0001667189,Performance Share Units
D,02/10/2017 00:00:00,Pasley David B.,4,M-Exempt,--D,1230,0,3,0001667189,Performance Share Units
A,02/10/2017 00:00:00,Pasley David B.,4,M-Exempt,--D,1113,4107,1,0001667189,Common Stock
A,02/10/2017 00:00:00,Mills Michael R,4,A-Award,--D,6900,6900,6,0001561649,Stock Appreciation Right
A,02/10/2017 00:00:00,Mills Michael R,4,A-Award,--D,6900,16200,5,0001561649,Performance Share Units
D,02/10/2017 00:00:00,Mills Michael R,4,M-Exempt,--D,7000,0,4,0001561649,Performance Share Units
A,02/10/2017 00:00:00,Mills Michael R,4,M-Exempt,--D,6754,25471,1,0001561649,Common Stock
A,02/10/2017 00:00:00,McPherson John R,4,A-Award,--D,15700,15700,5,0001531183,Stock Appreciation Right
A,02/10/2017 00:00:00,McPherson John R,4,A-Award,--D,15700,39900,4,0001531183,Performance Share Units
D,02/10/2017 00:00:00,McPherson John R,4,M-Exempt,--D,8100,0,3,0001531183,Performance Share Units
A,02/10/2017 00:00:00,McPherson John R,4,M-Exempt,--D,7639,29659,1,0001531183,Common Stock
A,02/10/2017 00:00:00,Lott Jeffery G,4,A-Award,--D,1600,1600,5,0001628008,Stock Appreciation Right
A,02/10/2017 00:00:00,Lott Jeffery G,4,A-Award,--D,1600,4627,4,0001628008,Performance Share Units
D,02/10/2017 00:00:00,Lott Jeffery G,4,M-Exempt,--D,1230,0,3,0001628008,Performance Share Units
A,02/10/2017 00:00:00,Lott Jeffery G,4,M-Exempt,--D,1301,4389,1,0001628008,Common Stock
A,02/10/2017 00:00:00,Lodge C. Brock Jr.,4,A-Award,--D,1500,1500,5,0001667338,Stock Appreciation Right
A,02/10/2017 00:00:00,Lodge C. Brock Jr.,4,A-Award,--D,1500,3500,4,0001667338,Performance Share Units
D,02/10/2017 00:00:00,Lodge C. Brock Jr.,4,M-Exempt,--D,570,0,3,0001667338,Performance Share Units
A,02/10/2017 00:00:00,Lodge C. Brock Jr.,4,M-Exempt,--D,485,638,1,0001667338,Common Stock
A,02/10/2017 00:00:00,KHAN EJAZ A,4,A-Award,--D,1700,1700,5,0001204572,Stock Appreciation Right
A,02/10/2017 00:00:00,KHAN EJAZ A,4,A-Award,--D,1700,4400,4,0001204572,Performance Share Units
